-1.8145786525439296e-20	-2.1049112369509586e-20	-2.4416970348631124e-20	-2.8323685604412105e-20	-3.2855475301118045e-20	-3.811235134929694e-20	-4.421032756518446e-20	-5.128397997561397e-20	-5.948941677171222e-20	-6.900772345518617e-20	-8.004895920801597e-20	-9.285679268129854e-20	-1.0771387951030631e-19	-1.2494810023195534e-19	-1.449397962690682e-19	-1.6813016367211914e-19	-1.9503098985965823e-19	-2.2623594823720358e-19	-2.624336999551562e-19	-3.04423091947981e-19	-3.531307866596529e-19	-4.0963171252514216e-19	-4.75172786528758e-19	-5.512004323710073e-19	-6.393925015390261e-19	-7.416953017377899e-19	-8.603665498386555e-19	-9.980251972119886e-19	-1.157709226887226e-18	-1.3429426977120346e-18	-1.5578135143228373e-18	-1.8070636375635217e-18	-2.0961937227940463e-18	-2.43158448860892e-18	-2.8206374815239428e-18	-3.2719383190394803e-18	-3.795445969730207e-18	-4.4027121691854815e-18	-5.107135676940617e-18	-5.924256749765838e-18	-6.8720979307791196e-18	-7.971558008702367e-18	-9.246866742848873e-18	-1.0726108599196259e-17	-1.2441824171223152e-17	-1.4431697957167042e-17	-1.673934040689092e-17	-1.9415170141267634e-17	-2.2517398253983134e-17	-2.611310958869114e-17	-3.027942442932197e-17	-3.5104706361660213e-17	-4.068975617476041e-17	-4.714889593870206e-17	-5.46108018120376e-17	-6.321889277950246e-17	-7.313103768342017e-17	-8.451833077024484e-17	-9.756275218123339e-17	-1.1245374004055805e-16	-1.2938412703038629e-16	-1.4854657680592997e-16	-1.7013254188165222e-16	-1.9433666065503857e-16	-2.2137011388178948e-16	-2.5148651691747676e-16	-2.8502343891378425e-16	-3.224619576635653e-16	-3.6450632779713674e-16	-4.121864056478978e-16	-4.669873729379397e-16	-5.310148731069879e-16	-6.07209192847296e-16	-6.996297937111744e-16	-8.138414690907202e-16	-9.574458916377164e-16	-1.1408179513867386e-15	-1.3781264538400558e-15	-1.6887457782270965e-15	-2.099202275078525e-15	-2.6458508206248773e-15	-3.3785486559098945e-15	-4.365692849462079e-15	-5.701124434140828e-15	-7.513590099556526e-15	-9.979709940236765e-15	-1.334175283272482e-14	-1.7932004838693142e-14	-2.4206179104070253e-14	-3.27892246153912e-14	-4.45381371926397e-14	-6.062808443808884e-14	-8.267049865724795e-14	-1.1287500331218421e-13	-1.542714419174357e-13	-2.1101431563573802e-13	-2.888002133611253e-13	-3.9544016676901843e-13	-5.416444217501581e-13	-7.420984481718777e-13	-1.0169382520283096e-12	-1.3937731406492164e-12	-1.910459041952011e-12	-2.6189008000685935e-12	-3.5902651075447336e-12	-4.922127225160993e-12	-6.748268541700651e-12	-9.25210772480255e-12	-1.2685112252954186e-11	-1.7392035827065708e-11	-2.3845510247278687e-11	-3.2693455799257376e-11	-4.4824054985123055e-11	-6.145478759256466e-11	-8.425442411921026e-11	-1.1551015624904078e-10	-1.5835653032522682e-10	-2.1708898251025126e-10	-2.9759315123980516e-10	-4.0793257723348397e-10	-5.591529975191609e-10	-7.663826922358984e-10	-1.0503372702442604e-9	-1.4393766009223463e-9	-1.972314964800336e-9	-2.7022577848441303e-9	-3.701836009763756e-9	-5.070340960016286e-9	-6.943439573815352e-9	-9.506387424679463e-9	-1.3011974154741216e-8	-1.7804858581175077e-8	-2.4354511947506263e-8	-3.3299731011993845e-8	-4.550866467421506e-8	-6.215959324984723e-8	-8.484940695420581e-8	-1.1573898102528013e-7	-1.5774761557519831e-7	-2.1481263727846662e-7	-2.922354722108429e-7	-3.97142438959304e-7	-5.390977884238315e-7	-7.309189697963364e-7	-9.897608840984896e-7	-1.338558585429686e-6	-1.8079487000002043e-6	-2.4388318078858877e-6	-3.2857954774983814e-6	-4.421696750680867e-6	-5.943812802384205e-6	-7.982123236003209e-6	-1.0710509188482886e-5	-1.4361979424470043e-5	-1.9249523073642917e-5	-2.5794947645754193e-5	-3.4569271478443804e-5	-4.63502174216371e-5	-6.220564252507036e-5	-8.361725956019878e-5	-0.00011266830033220644	-0.0001523343473619741	-0.00020694238925612066	-0.0002829053158290504	-0.0003899065860694326	-0.0005428161729886807	-0.0007647888895823035	-0.0010922186592308243	-0.0015809604970900522	-0.0023160516777712145	-0.0034315900906197	-0.005134691261468527	-0.007742878556851314	-0.01173905989982356	-0.01785154673347834	-0.02716936177837046	-0.041306427290654514	-0.06263168569724648	-0.09458422461644826	-0.14208899936677016	-0.21207017427933036	-0.31400443613104584	-0.46032347899049203	-0.6661881492417332	-0.9476106934476123	-1.3137353257563502	-1.7602825166828666	-2.2520465710280044	-2.70276292742751	-3.2339132296542292	-3.7562117525196976	-4.182245478618152	-4.514511638646235	-4.75731148981429	-4.9149842919210815	-4.991293379259025	-4.999999999999993	-4.999999999999993	-4.999999999999994	-4.999999999999994	-4.999999999999995	-4.999999999999995	-4.999999999999995	-4.999999999999995	-4.999999999999995	-4.999999999999995	-4.999999999999995	-4.999999999999995	-4.999999999999995	-4.999999999999995	-4.999999999999995	-4.999999999999995	-4.999999999999995	-4.999999999999995	-4.999999999999995	-4.999999999999995	-4.999999999999995	-4.999999999999995	-4.999999999999995	-4.999999999999995	-4.999999999999995	-4.999999999999995	-4.999999999999995	-4.999999999999996	-4.999999999999996	-4.999999999999995	-4.999999999999996	-4.9999999999999964	-4.9999999999999964	-4.9999999999999964	-4.999999999999996	-4.999999999999996	-4.999999999999996	-4.999999999999996	-4.999999999999996	-4.999999999999996	-4.999999999999996	-4.999999999999996	-4.999999999999996	-4.999999999999996	-4.9999999999999964	-4.9999999999999964	-4.9999999999999964	-4.9999999999999964	-4.9999999999999964	-4.9999999999999964	-4.9999999999999964	-4.9999999999999964	-4.999999999999996	-4.999999999999996	-4.999999999999996	-4.999999999999996	-4.999999999999996	-4.999999999999996	-4.9999999999999964	-4.9999999999999964	-4.999999999999997	-4.999999999999998	-4.999999999999997	-4.9999999999999964	-4.999999999999997	-4.9999999999999964	-4.9999999999999964	-4.9999999999999964	-4.9999999999999964	-4.9999999999999964	-4.9999999999999964	-4.9999999999999964	-4.9999999999999964	-4.999999999999996	-4.999999999999996	-4.999999999999996	-4.999999999999996	-4.999999999999996	-4.999999999999996	-4.999999999999996	-4.999999999999996	-4.9999999999999964	-4.9999999999999964	-4.999999999999997	-4.999999999999998	-4.999999999999998	-4.999999999999998	-4.999999999999998	-4.999999999999998	-4.999999999999998	-4.999999999999997	-4.9999999999999964	-4.9999999999999964	-4.999999999999996	-4.9999999999999964	-4.9999999999999964	-4.9999999999999964	-4.999999999999997	-4.999999999999998	-4.999999999999998	-4.999999999999998	-4.999999999999998	-4.999999999999998	-4.999999999999998	-4.999999999999998	-4.999999999999998	-4.999999999999998	-4.999999999999999	-4.999999999999999	-4.999999999999998	-4.999999999999998	-4.999999999999998	-4.999999999999998	-4.999999999999998	-4.999999999999998	-4.999999999999998	-4.999999999999998	-4.999999999999998	-4.999999999999998	-4.999999999999998	-4.999999999999998	-4.999999999999998	-4.999999999999998	-4.999999999999999	-4.999999999999999	-4.999999999999999	-4.999999999999999	-4.999999999999999	-4.999999999999999	-4.999999999999999	-4.999999999999999	-4.999999999999999	-4.999999999999999	-4.999999999999999	-4.999999999999999	-4.999999999999999	-4.999999999999999	-4.999999999999999	-4.999999999999999	-4.999999999999999	-4.999999999999998	-4.999999999999998	-4.999999999999998	-4.999999999999998	-4.999999999999998	-4.999999999999998	-4.999999999999998	-4.999999999999998	-4.999999999999998	-4.999999999999998	-4.999999999999999	-4.999999999999999	-4.999999999999999	-4.999999999999999	-4.999999999999999	-4.999999999999999	-4.999999999999999	-4.999999999999999	-4.999999999999999	-4.999999999999999	-4.999999999999999	-4.999999999999999	-4.999999999999998	-4.999999999999998	-4.999999999999998	-4.999999999999998	-4.999999999999998	-4.999999999999998	-4.999999999999999	-4.999999999999999	-4.999999999999999	-4.999999999999999	-4.999999999999999	-4.999999999999999	-4.999999999999999	-4.999999999999999	-4.999999999999999	-4.999999999999999	-4.999999999999999	-4.999999999999999	-4.999999999999999	-4.999999999999999	-4.999999999999999	-5.0	-5.0	-5.0	-4.999999999999999	-4.999999999999999	-4.999999999999999	-4.999999999999999	-5.0	-5.0	-5.0	-5.0	-5.0	-5.0	-5.0	-5.0	-5.0	-5.0	-5.0	-5.0	-5.0	-5.0	-5.0
-1.6458595752157845e-7	-1.9091970005473923e-7	-2.214668227512532e-7	-2.569014624573429e-7	-2.9800561451338696e-7	-3.4568639098504447e-7	-4.0099603847632123e-7	-4.651551584995828e-7	-5.395796427121395e-7	-6.259119172643633e-7	-7.260571855383111e-7	-8.422254687801186e-7	-9.769803719691416e-7	-1.1332956505335305e-6	-1.3146208254748324e-6	-1.5249572938808473e-6	-1.7689466130642666e-6	-2.051972904737316e-6	-2.380281636597052e-6	-2.761117399259867e-6	-3.202883714531497e-6	-3.7153283956587816e-6	-4.309758542047983e-6	-4.999289902178198e-6	-5.799136093230405e-6	-6.7269440406464534e-6	-7.803183014329282e-6	-9.051595812332336e-6	-1.0499722002877028e-5	-1.217950471048142e-5	-1.4127994255443996e-5	-1.6388164066588277e-5	-1.9009856729591157e-5	-2.205088085866105e-5	-2.557828274673501e-5	-2.966982052638819e-5	-3.4415672937851284e-5	-3.9920419840645455e-5	-4.6305337422650386e-5	-5.371105777018667e-5	-6.230065019563348e-5	-7.226319062279008e-5	-8.381789557031844e-5	-9.7218909034946e-5	-0.00011276084406296001	-0.00013078519623434254	-0.00015168776390981015	-0.00017592723016246223	-0.00020403508409703815	-0.00023662708501494267	-0.00027441650186306893	-0.00031822939282688897	-0.0003690222259522787	-0.0004279021813684117	-0.0004961505189521281	-0.0005752494418281341	-0.0006669129353441155	-0.0007731221120939112	-0.0008961656446230575	-0.0010386859163616054	-0.0012037315647869394	-0.0013948171243670124	-0.0016159904943948355	-0.0018719089500587745	-0.0021679243738424495	-0.002510178294174571	-0.0029057071623814316	-0.0033625580547671924	-0.003889914626706965	-0.0044982326370206945	-0.005199383662261219	-0.006006804684168939	-0.006935650005879305	-0.008002940362157242	-0.009227702079810614	-0.010631086634816373	-0.012236457858486639	-0.014069430332974536	-0.01615783819525529	-0.01853160829781874	-0.021222506328344697	-0.024263718087150672	-0.0276892219673413	-0.031532902678647466	-0.03582735160227205	-0.040602296358635166	-0.04588260325869684	-0.05168580339366802	-0.05801910694103386	-0.06487589668295934	-0.07223172907595432	-0.08003992555121892	-0.08822690506109446	-0.0966874909439462	-0.10528050822905745	-0.1138250592964467	-0.12209789908819002	-0.12983233696815463	-0.13671857933760934	-0.14240533637221806	-0.14650168949211412	-0.14857704099187505	-0.14849942792129708	-0.14840278697034642	-0.14828201052176568	-0.1481305526994839	-0.14794001740605403	-0.14769960034257779	-0.14739539702439278	-0.14700948483308945	-0.1465187425930612	-0.1458933238069782	-0.1450946873553758	-0.14407306618839677	-0.14276423087209766	-0.1410850687699245	-0.13892852869671046	-0.13615684780172366	-0.13259298360851213	-0.12800998303807595	-0.12211777980548118	-0.11454695827148069	-0.10483013956296491	-0.09238004220989945	-0.07646547209973048	-0.05618764584130728	-0.030460932499508778	0.0019925569449829317	0.04262109070223066	0.09297004232473044	0.15451860225472624	0.22837131520616166	0.31565664678103755	0.4169926396700843	0.5321272142234363	0.6596784313009985	0.796857836982792	0.9395055149127826	1.0822949267729856	1.2193153889454678	1.345010742684085	1.4552832108550702	1.5482234214502788	1.6231734164943186	1.6803097809754168	1.7204104956053508	1.7446959128265311	1.7546984965957453	1.752147239478237	1.738863557158579	1.7166696595501998	1.6873114264869484	1.6523979376412234	1.6133590822847403	1.571421458480315	1.5276013878865315	1.4827125762484563	1.4373849613477074	1.3920907674030318	1.3471737925203568	1.302878443582826	1.2593758821727228	1.2167856748708468	1.1751923560674147	1.1346571449641507	1.095225607938146	1.0569322988267287	1.0198033904132568	0.9838581227552436	0.949109641571849	0.9155655653978281	0.8832284486230055	0.8520962065047724	0.8221625213531767	0.7934172329705973	0.7658467129113384	0.7394342219238808	0.7141602501285798	0.6900028396456097	0.6669378895328033	0.6449394430222937	0.6239799571595948	0.6040305550499521	0.5850612610053476	0.5670412189622809	0.5499388946061154	0.5337222616930624	0.5183513439145373	0.5037863595557441	0.4899888848032483	0.47692191368165826	0.46454989180904027	0.4528387288215461	0.4417557936363026	0.43126989611378974	0.42135125814212016	0.41197147669084	0.4031034809659433	0.3947214854353871	0.38680094018043354	0.3793184797576399	0.3722518715245511	0.36557996418482963	0.3592826371415221	0.3533407511068174	0.3477361002995356	0.34245136646465824	0.3374700748697723	0.3327765523688071	0.32835588757176515	0.3241938931183874	0.3202770700220645	0.3165903213064851	0.3131195883393483	0.30985188813923026	0.30677522463016116	0.3038785067257006	0.3011514730382179	0.29858462293988763	0.2961691536538513	0.29389690302324434	0.2917602971707649	0.28975230234820115	0.28786638302741707	0.28609646410449185	0.28443689688001594	0.28287966336672987	0.28139786137883505	0.2799862430361273	0.2786403016228891	0.2773561281761219	0.27613029183713866	0.2749597404869064	0.27384171865494666	0.2727736997583716	0.27175332916013195	0.27077837805637195	0.26984670538992495	0.26895622500188576	0.2681048784805107	0.26729061127883647	0.2665113510937185	0.2657649883923021	0.2650497265427769	0.26436455016775096	0.2637084661875484	0.2630804989308264	0.2624796870850332	0.2619050818277615	0.26135574605248557	0.26083075462267	0.2603291956100868	0.2598501724990312	0.25939280730277137	0.25895624472593237	0.2585396574093055	0.25814225229098264	0.2577632781760082	0.2574020346439907	0.257057878177267	0.2567301743530783	0.2564182989542343	0.25612163920378084	0.25583959505942033	0.2555715805367589	0.25531702502472475	0.25507537455312423	0.2548460929698466	0.2546286629800316	0.2544225869929133	0.2542273877139949	0.2540426084103262	0.25386739890416976	0.25370072189786974	0.2535416907827348	0.2533895452190973	0.25324363193120236	0.25310338834482327	0.25296832878289566	0.25283803293063434	0.25271213623549027	0.252590321953857	0.25247231458097197	0.25235787442795177	0.25224679314338116	0.2521388900220858	0.25203400897351624	0.25193201605689275	0.25183279753216414	0.2517362584186911	0.2516423216061896	0.25155092734422446	0.2514620330394579	0.25137561333986724	0.25129098633363967	0.251207460843236	0.2511244517635549	0.25104145888434015	0.2509580494123287	0.250873843975997	0.25078850569969324	0.2507017319039324	0.2506132479774825	0.25052280303384444	0.2504301670312947	0.2503351291268583	0.25023749710430554	0.2501370977848203	0.25003377838663576	0.2499274088492207	0.24981788518533365	0.24970513396980953	0.24958911812389628	0.24946984421071194	0.24934737152391717	0.2492218233331318	0.2490934007546306	0.2489623998579158	0.24882923279645697	0.24869273099340816	0.24855079115469803	0.24840147981386185	0.24824295705798205	0.2480734169555152	0.24789104503625659	0.24769399294784566	0.24748036940246498	0.2472482495998536	0.24699570991873898	0.24672089918739282	0.24642216614653467	0.24609827525830363	0.24574876375441068	0.2453745275636563	0.24496299120396525	0.2445010045648548	0.24395847103032287	0.24329803491524116	0.24245825783747454	0.24134581420297652	0.23980213793358773	0.23754733813199458	0.23432949088068744	0.2298116865601627	0.22355460727449428	0.2149993492367135	0.20344832051461736	0.18804994600226088	0.16779158998233434	0.1414935669674806	0.10781879175949927	0.06529962400118494	0.012386437282510432	-0.052478325429615946	-0.13075851451813048	-0.22369572327450005	-0.33215842143686203	-0.4564783137815911	-0.59628897897238	-0.7503871336227363	-0.9166407920313611	-1.0919697664533339	-1.2724209684209602	-1.4533527579578185	-1.6297288655911144	-1.7965041573236928	-1.9490642678435282	-2.0836629734003345	-2.1977901825601025	-2.2904044918763087	-2.3619804779484856	-2.4143518378649893	-2.450372027840005	-2.4734545891678863	-2.487083911568267	-2.4943932782825833	-2.49788624232111	-2.4993346256788325	-2.4998357885987654	-2.4999717070754293	-2.4999974426152183	-2.500000000000001	-2.5000000000000013	-2.500000000000001	-2.500000000000001	-2.5000000000000018	-2.5000000000000018	-2.500000000000001	-2.5000000000000004	-2.5	-2.5000000000000004	-2.5	-2.5	-2.500000000000001	-2.5000000000000004	-2.5000000000000004	-2.5000000000000004	-2.5000000000000004	-2.5	-2.5	-2.5
-6.7405113036957895e-9	-6.7405113036957895e-9	-6.7405113036957895e-9	-6.7405113036957895e-9	-6.740511303695789e-9	-6.7405113036957895e-9	-6.7405113036957895e-9	-6.7405113036957895e-9	-6.7405113036957895e-9	-6.7405113036957895e-9	-6.7405113036957895e-9	-6.7405113036957895e-9	-6.7405113036957895e-9	-6.7405113036957895e-9	-6.7405113036957895e-9	-6.740511303695792e-9	-6.740511303695792e-9	-6.740511303695792e-9	-6.740511303695792e-9	-6.740511303695792e-9	-6.740511303695792e-9	-6.740511303695792e-9	-6.7405113036957895e-9	-6.7405113036957895e-9	-6.7405113036957895e-9	-6.7405113036957895e-9	-6.740511303695789e-9	-6.740511303695787e-9	-6.740511303695787e-9	-6.740511303695787e-9	-6.740511303695787e-9	-6.740511303695787e-9	-6.740511303695787e-9	-6.740511303695787e-9	-6.740511303695787e-9	-6.740511303695787e-9	-6.740511303695787e-9	-6.7405113036957895e-9	-6.7405113036957895e-9	-6.7405113036957895e-9	-6.7405113036957895e-9	-6.7405113036957895e-9	-6.7405113036957895e-9	-6.7405113036957895e-9	-6.7405113036957895e-9	-6.740511303695789e-9	-6.740511303695787e-9	-6.740511303695787e-9	-6.740511303695787e-9	-6.740511303695786e-9	-6.740511303695785e-9	-6.740511303695785e-9	-6.740511303695785e-9	-6.740511303695785e-9	-6.740511303695785e-9	-6.740511303695785e-9	-6.740511303695785e-9	-6.740511303695785e-9	-6.740511303695785e-9	-6.740511303695785e-9	-6.740511303695785e-9	-6.740511303695786e-9	-6.740511303695787e-9	-6.740511303695787e-9	-6.740511303695787e-9	-6.740511303695787e-9	-6.740511303695787e-9	-6.740511303695787e-9	-6.740511303695787e-9	-6.740511303695787e-9	-6.740511303695787e-9	-6.740511303695787e-9	-6.740511303695787e-9	-6.740511303695786e-9	-6.740511303695787e-9	-6.740511303695787e-9	-6.740511303695786e-9	-6.740511303695785e-9	-6.740511303695785e-9	-6.740511303695785e-9	-6.740511303695785e-9	-6.740511303695785e-9	-6.740511303695785e-9	-6.740511303695785e-9	-6.740511303695785e-9	-6.740511303695785e-9	-6.740511303695785e-9	-6.740511303695785e-9	-6.740511303695785e-9	-6.740511303695785e-9	-6.740511303695785e-9	-6.740511303695785e-9	-6.740511303695785e-9	-6.7405113036957846e-9	-6.7405113036957846e-9	-6.740511303695784e-9	-6.740511303695784e-9	-6.740511303695784e-9	-6.740511303695784e-9	-6.740511303695784e-9	-6.740511303695784e-9	-6.740511303695784e-9	-6.740511303695784e-9	-6.740511303695784e-9	-6.740511303695784e-9	-6.740511303695784e-9	-6.740511303695782e-9	-6.740511303695781e-9	-6.740511303695781e-9	-6.740511303695782e-9	-6.740511303695784e-9	-6.740511303695784e-9	-6.740511303695784e-9	-6.740511303695784e-9	-6.740511303695784e-9	-6.740511303695784e-9	-6.740511303695784e-9	-6.740511303695784e-9	-6.740511303695784e-9	-6.740511303695784e-9	-6.740511303695784e-9	-6.740511303695784e-9	-6.740511303695784e-9	-6.740511303695784e-9	-6.740511303695784e-9	-6.7405113036957846e-9	-6.740511303695785e-9	-6.740511303695785e-9	-6.740511303695785e-9	-6.740511303695785e-9	-6.740511303695785e-9	-6.740511303695785e-9	-6.740511303695785e-9	-6.740511303695785e-9	-6.740511303695785e-9	-6.740511303695785e-9	-6.7405113036957846e-9	-6.740511303695784e-9	-6.740511303695784e-9	-6.740511303695784e-9	-6.740511303695784e-9	-6.740511303695784e-9	-6.740511303695784e-9	-6.740511303695784e-9	-6.740511303695784e-9	-6.740511303695784e-9	-6.740511303695784e-9	-6.740511303695784e-9	-6.740511303695784e-9	-6.740511303695784e-9	-6.740511303695784e-9	-6.740511303695784e-9	-6.740511303695784e-9	-6.740511303695784e-9	-6.740511303695784e-9	-6.740511303695784e-9	-6.740511303695784e-9	-6.740511303695784e-9	-6.740511303695784e-9	-6.740511303695784e-9	-6.740511303695784e-9	-6.740511303695784e-9	-6.740511303695782e-9	-6.740511303695781e-9	-6.740511303695781e-9	-6.740511303695781e-9	-6.740511303695781e-9	-6.740511303695781e-9	-6.740511303695781e-9	-6.740511303695781e-9	-6.740511303695781e-9	-6.740511303695781e-9	-6.740511303695781e-9	-6.740511303695781e-9	-6.740511303695781e-9	-6.740511303695781e-9	-6.740511303695781e-9	-6.740511303695782e-9	-6.740511303695784e-9	-6.7405113036957846e-9	-6.740511303695787e-9	-6.74051130369579e-9	-6.740511303695795e-9	-6.740511303695804e-9	-6.740511303695817e-9	-6.740511303695837e-9	-6.74051130369587e-9	-6.740511303695919e-9	-6.740511303695999e-9	-6.7405113036961204e-9	-6.740511303696311e-9	-6.740511303696603e-9	-6.740511303697053e-9	-6.740511303697742e-9	-6.740511303698792e-9	-6.740511303700389e-9	-6.740511303702797e-9	-6.740511303706416e-9	-6.740511303711825e-9	-6.740511303719858e-9	-6.740511303731706e-9	-6.740511303749046e-9	-6.740511303774198e-9	-6.740511303810294e-9	-6.740511303861424e-9	-6.740511303946069e-9	-6.740511304086049e-9	-6.740511304316378e-9	-6.7405113046941825e-9	-6.74051130531247e-9	-6.7405113063223006e-9	-6.740511307968501e-9	-6.740511310647155e-9	-6.740511314997837e-9	-6.7405113220513575e-9	-6.740511333465832e-9	-6.740511351903172e-9	-6.740511381628102e-9	-6.740511429459146e-9	-6.740511506274861e-9	-6.740511629395819e-9	-6.740511826350105e-9	-6.740512140780988e-9	-6.74051264173901e-9	-6.740513438229584e-9	-6.740514701945563e-9	-6.740516702704709e-9	-6.740519863550336e-9	-6.740524846217323e-9	-6.740532683356893e-9	-6.7405449825812235e-9	-6.740564240520202e-9	-6.740594324941177e-9	-6.740641212914257e-9	-6.740714117998761e-9	-6.740827206859432e-9	-6.741002206497771e-9	-6.741272353458117e-9	-6.741688359516466e-9	-6.742327399005188e-9	-6.7433066114847135e-9	-6.7448033333719015e-9	-6.7470853300404775e-9	-6.750555850379016e-9	-6.755820592218695e-9	-6.7637869715142085e-9	-6.775810893907725e-9	-6.793913198838264e-9	-6.8210980342994305e-9	-6.8618199804257165e-9	-6.922667698777543e-9	-7.013361966788373e-9	-7.148208996472891e-9	-7.348215156735925e-9	-7.644155283799569e-9	-8.081010032273323e-9	-8.724379089308994e-9	-9.66972894104149e-9	-1.1055704579035503e-8	-1.3083259279650009e-8	-1.6043102999513618e-8	-2.0355031129924775e-8	-2.6624204334981142e-8	-3.5721596959266934e-8	-4.889888897171075e-8	-6.795243920851209e-8	-9.545722139717474e-8	-1.351005789225894e-7	-1.921586342558421e-7	-2.741771253606685e-7	-3.919463951336185e-7	-5.609021765301021e-7	-8.031479571942685e-7	-1.1503953871179842e-6	-1.6482821819866134e-6	-2.362800534836733e-6	-3.390047222096479e-6	-4.8713800898190425e-6	-7.016934410127717e-6	-1.011465108683695e-5	-1.4574140410411466e-5	-2.0976045621306317e-5	-3.0140529716300005e-5	-4.3221867861108416e-5	-6.183844141346389e-5	-8.825044656164376e-5	-0.00012560149365311457	-0.00017824515616404713	-0.0002521836142484844	-0.0003556530016036644	-0.0004998990446501227	-0.0007001971409031742	-0.0009771830823381718	-0.0013585738915053093	-0.0018813720720690854	-0.0025946598749256693	-0.0035631011916833068	-0.004871274809840489	-0.006628960348887157	-0.008977482359059718	-0.01209718256918622	-0.016216027557787102	-0.021619260580887853	-0.028659862904931048	-0.0377693935231464	-0.04946852098729185	-0.06437624702347781	-0.08321645731060504	-0.10682004223821796	-0.13612044954092828	-0.1721402235471362	-0.21596593918429138	-0.2687090631701674	-0.3314507966315493	-0.40516999994033964	-0.4906549732413526	-0.5884022029739423	-0.6985081138315086	-0.8205631568229294	-0.9535607904206094	-1.0958364394156437	-1.2450525443195413	-1.3982444851994211	-1.5519377528965843	-1.7023316078767736	-1.8455528900353066	-1.977972610949526	-2.0965111552967635	-2.198919293052656	-2.283982821826066	-2.3516120402466156	-2.4027934622089546	-2.4394051494275923	-2.4639241802336325	-2.4790782815245813	-2.487506353372001	-2.4914894367891818	-2.4927940352376443	-2.492638743518358	-2.491762785920401	-2.4905525823398724	-2.4891774942877354	-2.487698418982238	-2.486134855745497	-2.484495870880553	-2.482789720027553	-2.48102527557056	-2.4792118675915855	-2.4773591252307257	-2.4754768223456316	-2.4735747308796587	-2.4716624848151807	-2.469749457430309	-2.467844653078069	-2.4659566143019185	-2.4640933448501325	-2.462262248657314	-2.4604700844255363	-2.4587229350692463	-2.45702619099189	-2.455384545938856	-2.453802004018301	-2.452281896393368	-2.450826906119164	-2.4494390996171704	-2.4481199633396047	-2.446870444267522	-2.445690993000468	-2.4445816083240777	-2.443541882277624	-2.4425710448789357	-2.44166800779153	-2.4408314063280483	-2.4400596409898174	-2.4393509193226848	-2.4387032870427774	-2.43811465469224	-2.4375828179877974	-2.43710546659542	-2.4366801693285187	-2.4363043089310903	-2.4359749065913534	-2.435688194673554	-2.435438637444411	-2.4352166549498424	-2.4350034546519117	-2.4347589360918245	-2.4343942332576147	-2.433709978908849	-2.4322595506363247	-2.4290559694003275	-2.4219807908616713	-2.4067257242309785	-2.3752519366091254	-2.3144369873883948	-2.207173616622889	-2.038652504290489	-1.8060760577360155	-1.5244027994768283	-1.222623546919607	-0.9329336084092805
6.7405113036957895e-9	6.7405113036957895e-9	6.7405113036957895e-9	6.7405113036957895e-9	6.740511303695789e-9	6.7405113036957895e-9	6.7405113036957895e-9	6.7405113036957895e-9	6.7405113036957895e-9	6.7405113036957895e-9	6.7405113036957895e-9	6.7405113036957895e-9	6.7405113036957895e-9	6.7405113036957895e-9	6.7405113036957895e-9	6.740511303695792e-9	6.740511303695792e-9	6.740511303695792e-9	6.740511303695792e-9	6.740511303695792e-9	6.740511303695792e-9	6.740511303695792e-9	6.7405113036957895e-9	6.7405113036957895e-9	6.7405113036957895e-9	6.7405113036957895e-9	6.740511303695789e-9	6.740511303695787e-9	6.740511303695787e-9	6.740511303695787e-9	6.740511303695787e-9	6.740511303695787e-9	6.740511303695787e-9	6.740511303695787e-9	6.740511303695787e-9	6.740511303695787e-9	6.740511303695787e-9	6.7405113036957895e-9	6.7405113036957895e-9	6.7405113036957895e-9	6.7405113036957895e-9	6.7405113036957895e-9	6.7405113036957895e-9	6.7405113036957895e-9	6.7405113036957895e-9	6.740511303695789e-9	6.740511303695787e-9	6.740511303695787e-9	6.740511303695787e-9	6.740511303695786e-9	6.740511303695785e-9	6.740511303695785e-9	6.740511303695785e-9	6.740511303695785e-9	6.740511303695785e-9	6.740511303695785e-9	6.740511303695785e-9	6.740511303695785e-9	6.740511303695785e-9	6.740511303695785e-9	6.740511303695785e-9	6.740511303695786e-9	6.740511303695787e-9	6.740511303695787e-9	6.740511303695787e-9	6.740511303695787e-9	6.740511303695787e-9	6.740511303695787e-9	6.740511303695787e-9	6.740511303695787e-9	6.740511303695787e-9	6.740511303695787e-9	6.740511303695787e-9	6.740511303695786e-9	6.740511303695787e-9	6.740511303695787e-9	6.740511303695786e-9	6.740511303695785e-9	6.740511303695785e-9	6.740511303695785e-9	6.740511303695785e-9	6.740511303695785e-9	6.740511303695785e-9	6.740511303695785e-9	6.740511303695785e-9	6.740511303695785e-9	6.740511303695785e-9	6.740511303695785e-9	6.740511303695785e-9	6.740511303695785e-9	6.740511303695785e-9	6.740511303695785e-9	6.740511303695785e-9	6.7405113036957846e-9	6.7405113036957846e-9	6.740511303695784e-9	6.740511303695784e-9	6.740511303695784e-9	6.740511303695784e-9	6.740511303695784e-9	6.740511303695784e-9	6.740511303695784e-9	6.740511303695784e-9	6.740511303695784e-9	6.740511303695784e-9	6.740511303695784e-9	6.740511303695782e-9	6.740511303695781e-9	6.740511303695781e-9	6.740511303695782e-9	6.740511303695784e-9	6.740511303695784e-9	6.740511303695784e-9	6.740511303695784e-9	6.740511303695784e-9	6.740511303695784e-9	6.740511303695784e-9	6.740511303695784e-9	6.740511303695784e-9	6.740511303695784e-9	6.740511303695784e-9	6.740511303695784e-9	6.740511303695784e-9	6.740511303695784e-9	6.740511303695784e-9	6.7405113036957846e-9	6.740511303695785e-9	6.740511303695785e-9	6.740511303695785e-9	6.740511303695785e-9	6.740511303695785e-9	6.740511303695785e-9	6.740511303695785e-9	6.740511303695785e-9	6.740511303695785e-9	6.740511303695785e-9	6.7405113036957846e-9	6.740511303695784e-9	6.740511303695784e-9	6.740511303695784e-9	6.740511303695784e-9	6.740511303695784e-9	6.740511303695784e-9	6.740511303695784e-9	6.740511303695784e-9	6.740511303695784e-9	6.740511303695784e-9	6.740511303695784e-9	6.740511303695784e-9	6.740511303695784e-9	6.740511303695784e-9	6.740511303695784e-9	6.740511303695784e-9	6.740511303695784e-9	6.740511303695784e-9	6.740511303695784e-9	6.740511303695784e-9	6.740511303695784e-9	6.740511303695784e-9	6.740511303695784e-9	6.740511303695784e-9	6.740511303695784e-9	6.740511303695782e-9	6.740511303695781e-9	6.740511303695781e-9	6.740511303695781e-9	6.740511303695781e-9	6.740511303695781e-9	6.740511303695781e-9	6.740511303695781e-9	6.740511303695781e-9	6.740511303695781e-9	6.740511303695781e-9	6.740511303695781e-9	6.740511303695781e-9	6.740511303695781e-9	6.740511303695781e-9	6.740511303695782e-9	6.740511303695784e-9	6.7405113036957846e-9	6.740511303695787e-9	6.74051130369579e-9	6.740511303695795e-9	6.740511303695804e-9	6.740511303695817e-9	6.740511303695837e-9	6.74051130369587e-9	6.740511303695919e-9	6.740511303695999e-9	6.7405113036961204e-9	6.740511303696311e-9	6.740511303696603e-9	6.740511303697053e-9	6.740511303697742e-9	6.740511303698792e-9	6.740511303700389e-9	6.740511303702797e-9	6.740511303706416e-9	6.740511303711825e-9	6.740511303719858e-9	6.740511303731706e-9	6.740511303749046e-9	6.740511303774198e-9	6.740511303810294e-9	6.740511303861424e-9	6.740511303946069e-9	6.740511304086049e-9	6.740511304316378e-9	6.7405113046941825e-9	6.74051130531247e-9	6.7405113063223006e-9	6.740511307968501e-9	6.740511310647155e-9	6.740511314997837e-9	6.7405113220513575e-9	6.740511333465832e-9	6.740511351903172e-9	6.740511381628102e-9	6.740511429459146e-9	6.740511506274861e-9	6.740511629395819e-9	6.740511826350105e-9	6.740512140780988e-9	6.74051264173901e-9	6.740513438229584e-9	6.740514701945563e-9	6.740516702704709e-9	6.740519863550336e-9	6.740524846217323e-9	6.740532683356893e-9	6.7405449825812235e-9	6.740564240520202e-9	6.740594324941177e-9	6.740641212914257e-9	6.740714117998761e-9	6.740827206859432e-9	6.741002206497771e-9	6.741272353458117e-9	6.741688359516466e-9	6.742327399005188e-9	6.7433066114847135e-9	6.7448033333719015e-9	6.7470853300404775e-9	6.750555850379016e-9	6.755820592218695e-9	6.7637869715142085e-9	6.775810893907725e-9	6.793913198838264e-9	6.8210980342994305e-9	6.8618199804257165e-9	6.922667698777543e-9	7.013361966788373e-9	7.148208996472891e-9	7.348215156735925e-9	7.644155283799569e-9	8.081010032273323e-9	8.724379089308994e-9	9.66972894104149e-9	1.1055704579035503e-8	1.3083259279650009e-8	1.6043102999513618e-8	2.0355031129924775e-8	2.6624204334981142e-8	3.5721596959266934e-8	4.889888897171075e-8	6.795243920851209e-8	9.545722139717474e-8	1.351005789225894e-7	1.921586342558421e-7	2.741771253606685e-7	3.919463951336185e-7	5.609021765301021e-7	8.031479571942685e-7	1.1503953871179842e-6	1.6482821819866134e-6	2.362800534836733e-6	3.390047222096479e-6	4.8713800898190425e-6	7.016934410127717e-6	1.011465108683695e-5	1.4574140410411466e-5	2.0976045621306317e-5	3.0140529716300005e-5	4.3221867861108416e-5	6.183844141346389e-5	8.825044656164376e-5	0.00012560149365311457	0.00017824515616404713	0.0002521836142484844	0.0003556530016036644	0.0004998990446501227	0.0007001971409031742	0.0009771830823381718	0.0013585738915053093	0.0018813720720690854	0.0025946598749256693	0.0035631011916833068	0.004871274809840489	0.006628960348887157	0.008977482359059718	0.01209718256918622	0.016216027557787102	0.021619260580887853	0.028659862904931048	0.0377693935231464	0.04946852098729185	0.06437624702347781	0.08321645731060504	0.10682004223821796	0.13612044954092828	0.1721402235471362	0.21596593918429138	0.2687090631701674	0.3314507966315493	0.40516999994033964	0.4906549732413526	0.5884022029739423	0.6985081138315086	0.8205631568229294	0.9535607904206094	1.0958364394156437	1.2450525443195413	1.3982444851994211	1.5519377528965843	1.7023316078767736	1.8455528900353066	1.977972610949526	2.0965111552967635	2.198919293052656	2.283982821826066	2.3516120402466156	2.4027934622089546	2.4394051494275923	2.4639241802336325	2.4790782815245813	2.487506353372001	2.4914894367891818	2.4927940352376443	2.492638743518358	2.491762785920401	2.4905525823398724	2.4891774942877354	2.487698418982238	2.486134855745497	2.484495870880553	2.482789720027553	2.48102527557056	2.4792118675915855	2.4773591252307257	2.4754768223456316	2.4735747308796587	2.4716624848151807	2.469749457430309	2.467844653078069	2.4659566143019185	2.4640933448501325	2.462262248657314	2.4604700844255363	2.4587229350692463	2.45702619099189	2.455384545938856	2.453802004018301	2.452281896393368	2.450826906119164	2.4494390996171704	2.4481199633396047	2.446870444267522	2.445690993000468	2.4445816083240777	2.443541882277624	2.4425710448789357	2.44166800779153	2.4408314063280483	2.4400596409898174	2.4393509193226848	2.4387032870427774	2.43811465469224	2.4375828179877974	2.43710546659542	2.4366801693285187	2.4363043089310903	2.4359749065913534	2.435688194673554	2.435438637444411	2.4352166549498424	2.4350034546519117	2.4347589360918245	2.4343942332576147	2.433709978908849	2.4322595506363247	2.4290559694003275	2.4219807908616713	2.4067257242309785	2.3752519366091254	2.3144369873883948	2.207173616622889	2.038652504290489	1.8060760577360155	1.5244027994768283	1.222623546919607	0.9329336084092805
-2.0293118487468798e-16	-2.354001729326257e-16	-2.7306420099889253e-16	-3.167544722653603e-16	-3.6743518733150956e-16	-4.262248159810621e-16	-4.944207860417237e-16	-5.735281112790039e-16	-6.652926076608938e-16	-7.717394242579796e-16	-8.952177325032158e-16	-1.0384525713911788e-15	-1.2046049818542379e-15	-1.3973417786200437e-15	-1.6209164633646868e-15	-1.880263095650152e-15	-2.181105192079142e-15	-2.5300820235397237e-15	-2.93489514694212e-15	-3.4044783693278936e-15	-3.949194909677671e-15	-4.5810660969797214e-15	-5.3140366718678196e-15	-6.164282539995328e-15	-7.150567745137266e-15	-8.294658583929095e-15	-9.621803957093052e-15	-1.1161292589731632e-14	-1.2947099401838762e-14	-1.5018635296239883e-14	-1.7421616918326538e-14	-2.0209075562459232e-14	-2.3442527501012482e-14	-2.719333155567768e-14	-3.154426383759116e-14	-3.6591344421861415e-14	-4.244595617567125e-14	-4.9237302468214816e-14	-5.711525785677284e-14	-6.625367448230383e-14	-7.68542168192068e-14	-8.915080900113137e-14	-1.0341479207372132e-13	-1.199609040563212e-13	-1.3915421315976689e-13	-1.614181549767924e-13	-1.8724384783274653e-13	-2.1720088732963192e-13	-2.519498520149848e-13	-2.9225678738884677e-13	-3.3900997590707803e-13	-3.93239346794283e-13	-4.561389321189142e-13	-5.290928355239339e-13	-6.137052481371472e-13	-7.118351234696273e-13	-8.256362107405201e-13	-9.57603245118077e-13	-1.1106252053008534e-12	-1.2880466750527138e-12	-1.493738487519146e-12	-1.7321789909802168e-12	-2.008547454388091e-12	-2.3288313326507193e-12	-2.699949337574312e-12	-3.1298925136574296e-12	-3.62788580121821e-12	-4.204572886268836e-12	-4.872227490824552e-12	-5.644994652946875e-12	-6.53916598758475e-12	-7.573493412174457e-12	-8.769546370603225e-12	-1.0152118201839158e-11	-1.1749687982011987e-11	-1.3594944928655006e-11	-1.5725383301373366e-11	-1.8183976673469985e-11	-2.1019941494074857e-11	-2.4289601020895148e-11	-2.8057361991780843e-11	-3.239681783206168e-11	-3.7391993778055616e-11	-4.31387510512311e-11	-4.974636915901159e-11	-5.733932754592908e-11	-6.605931019307399e-11	-7.606745938699215e-11	-8.754690777534723e-11	-1.0070562102286144e-10	-1.1577958690580045e-10	-1.330363905687657e-10	-1.527792199479631e-10	-1.7535135007863948e-10	-2.0114116019182214e-10	-2.3058774321205894e-10	-2.6418717354245774e-10	-3.024995059192271e-10	-3.461565856934668e-10	-3.9587075921633723e-10	-4.5244458213400467e-10	-5.167816334158936e-10	-5.898985539256418e-10	-6.72938440387348e-10	-7.671857387972407e-10	-8.740827957876175e-10	-9.952482422802911e-10	-1.1324974010950543e-9	-1.2878649291398901e-9	-1.4636299255505555e-9	-1.6623437598272976e-9	-1.8868608988089924e-9	-2.1403730384181408e-9	-2.4264468757083225e-9	-2.749065889070834e-9	-3.112676529750332e-9	-3.5222392663420856e-9	-3.98328496597994e-9	-4.501977141782982e-9	-5.085180646144556e-9	-5.740537443983611e-9	-6.47655015952953e-9	-7.302674155005935e-9	-8.229418970181178e-9	-9.268460028667805e-9	-1.0432761600627683e-8	-1.1736712102768147e-8	-1.3196272915842514e-8	-1.482914200799591e-8	-1.6654933769984922e-8	-1.8695376596372433e-8	-2.0974529886153673e-8	-2.351902228787869e-8	-2.6358313179257726e-8	-2.9524979550616816e-8	-3.305503065665891e-8	-3.698825301313576e-8	-4.136858854571978e-8	-4.624454894918395e-8	-5.166966958769009e-8	-5.770300656344449e-8	-6.440968090325842e-8	-7.186147416288967e-8	-8.01374801298697e-8	-8.932481771948978e-8	-9.951941060860537e-8	-1.1082683964106042e-7	-1.2336327457024117e-7	-1.3725649228225984e-7	-1.5264698927158708e-7	-1.6968919682400133e-7	-1.88552808104298e-7	-2.0942422715352667e-7	-2.325081506782779e-7	-2.5802929446891476e-7	-2.862342773213687e-7	-3.1739367646551497e-7	-3.518042697301848e-7	-3.8979148100919335e-7	-4.317120470437855e-7	-4.779569251147963e-7	-5.289544629536576e-7	-5.85173854047102e-7	-6.471289035389305e-7	-7.153821321374877e-7	-7.905492478344484e-7	-8.733040178453543e-7	-9.643835760121074e-7	-1.0645942039808205e-6	-1.1748176278043353e-6	-1.2960178752379533e-6	-1.4292487429209046e-6	-1.5756619268871723e-6	-1.7365158744503939e-6	-1.9131854204820475e-6	-2.1071722764732624e-6	-2.3201164465610596e-6	-2.5538086509312118e-6	-2.810203843701572e-6	-3.0914356402559372e-6	-3.3998337715133615e-6	-3.7379401622865013e-6	-4.108528213288291e-6	-4.514623488304369e-6	-4.95952615445553e-6	-5.446835373372646e-6	-5.980475803754076e-6	-6.5647263863954575e-6	-7.204251593352799e-6	-7.90413533317157e-6	-8.669917713751904e-6	-9.507634872988208e-6	-1.0423862094260813e-5	-1.1425760428454427e-5	-1.2521127045532107e-5	-1.3718449535672792e-5	-1.5026964371175037e-5	-1.6456719723990048e-5	-1.801864280771796e-5	-1.9724611874537555e-5	-2.1587532943614792e-5	-2.3621421264133077e-5	-2.584148741847781e-5	-2.8264227843610656e-5	-3.090751938450169e-5	-3.379071728460408e-5	-3.693475575526943e-5	-4.036224993762058e-5	-4.409759766385492e-5	-4.816707892547673e-5	-5.259895034678823e-5	-5.7423531224354824e-5	-6.26732768064836e-5	-6.838283342885662e-5	-7.458906887022346e-5	-8.133106982237423e-5	-8.865009665984925e-5	-9.655476788281801e-5	-0.00010506128903138906	-0.00011420257274492942	-0.00012401154660235113	-0.00013452083953851876	-0.00014576241799079645	-0.0001577671681071538	-0.00017056071126226663	-0.00018416965508509297	-0.00019860813763489485	-0.00021388205880699176	-0.00022998797864531566	-0.00024691111920082504	-0.000264623142334118	-0.00028307965864344945	-0.00030221751466266825	-0.00032195192067197584	-0.0003421733364958841	-0.00036274421442296454	-0.000383495751619208	-0.000404224648227303	-0.00042468984911965996	-0.00044461026041970735	-0.0004636623735960069	-0.0004814784277095263	-0.0004976450617154095	-0.0005117026329130246	-0.000523145139472551	-0.0005314237433529139	-0.0005359393643484866	-0.0005362342793742618	-0.0005362342794202411	-0.0005362342794797705	-0.0005362342795566662	-0.0005362342796557583	-0.000536234279913426	-0.0005362342802699452	-0.0005362342807593179	-0.0005362342814271455	-0.0005362342823347653	-0.0005362342835650969	-0.0005362342852313185	-0.0005362342874890002	-0.0005362342905529202	-0.0005362342947203272	-0.0005362343004051144	-0.0005362343081885289	-0.0005362343188903018	-0.0005362343326823658	-0.0005362343503972271	-0.0005362343731125259	-0.0005362344022056827	-0.0005362344394334382	-0.0005362344870282562	-0.0005362345478062166	-0.0005362346252796967	-0.0005362347237553683	-0.0005362348483739071	-0.0005362350050104417	-0.0005362352017722028	-0.000536235448785476	-0.0005362357586730431	-0.0005362361470982129	-0.0005362366333578868	-0.0005362372410705017	-0.0005362379992637316	-0.0005362389439448046	-0.0005362401204633776	-0.0005362415854013824	-0.0005362434093617073	-0.0005362456806026247	-0.0005362485096739829	-0.0005362520354715666	-0.0005362564332084776	-0.0005362619249560541	-0.0005362687934047328	-0.0005362773988833411	-0.0005362882023548007	-0.0005363017959712588	-0.0005363189438583214	-0.000536340636832911	-0.0005363681659753161	-0.0005364032216151574	-0.0005364480268538653	-0.0005365055209692264	-0.0005365796105709877	-0.0005366755167633252	-0.0005368002562072126	-0.0005369633126374846	-0.0005371775719060584	-0.0005374609020918726	-0.0005378376980800943	-0.0005383417526177536	-0.0005390201688206525	-0.0005399454471295395	-0.0005411979633289399	-0.000542917093608677	-0.0005452602719471832	-0.0005484738604893772	-0.0005529023310936305	-0.000559034823479461	-0.0005675583150703376	-0.000579443585026012	-0.0005960556799709598	-0.0006193010490674927	-0.0006518373729995553	-0.0006972821096482386	-0.0007606305999528005	-0.0008488286469930475	-0.0009715819579974215	-0.0011426906593114562	-0.0013683330308577961	-0.001667323261963323	-0.002076158840125289	-0.0026560584286905243	-0.0034745700550465187	-0.0045623719522060865	-0.0060634251640561245	-0.00812967721568796	-0.010942352372739095	-0.014657160516090657	-0.019627339725187085	-0.026311817855655006	-0.035179503959506836	-0.04687793856589396	-0.06220676476113588	-0.08208230782762244	-0.1076362363834067	-0.14016360566675234	-0.1813919874657568	-0.23311713254153574	-0.2967903887270965	-0.3744722929616342	-0.468141993020999	-0.5149705055349483	-0.713124926194473	-0.869822105159763	-1.0484535008683158	-1.25010082796631	-1.474149939961582	-1.7189295907262392	-1.98206627734065	-2.260839599063291	-2.551439415627952	-0.3491059947765702	-0.6483595442716297	-0.9415535426909605	-1.2210210185835169	-1.4796249678073004	-1.7113331650570132	-1.91174616487661	-2.078485836868987	-2.211366237951756	-2.3123004772447526	-2.3849437884531515	-2.4341260485363003	-2.4651735137624398	-2.4832454616565993	-2.4928063601847805	-2.497316526480768	-2.4991638571441825	-2.4997956548930578	-2.4999651211397023	-2.4999968754851007	-2.499999999999999	-2.499999999999999	-2.4999999999999982	-2.4999999999999982	-2.4999999999999982	-2.499999999999999	-2.4999999999999982	-2.4999999999999982	-2.4999999999999982	-2.499999999999999	-2.499999999999999	-2.499999999999999	-2.499999999999999	-2.499999999999999	-2.499999999999999	-2.5	-2.5	-2.5	-2.5	-2.5
0.0	0.0	0.0	0.0	0.0	0.0	0.0	0.0	0.0	0.0	0.0	0.0	0.0	0.0	0.0	0.0	0.0	0.0	0.0	0.0	0.0	0.0	0.0	0.0	0.0	0.0	0.0	0.0	0.0	0.0	0.0	0.0	0.0	0.0	0.0	0.0	0.0	0.0	0.0	0.0	0.0	0.0	0.0	0.0	0.0	0.0	0.0	0.0	0.0	0.0	0.0	0.0	0.0	0.0	0.0	0.0	0.0	0.0	0.0	0.0	0.0	0.0	0.0	0.0	0.0	0.0	0.0	0.0	0.0	0.0	0.0	0.0	0.0	0.0	0.0	0.0	0.0	0.0	0.0	0.0	0.0	0.0	0.0	0.0	0.0	0.0	0.0	0.0	0.0	0.0	0.0	0.0	0.0	0.0	0.0	0.0	0.0	0.0	0.0	0.0	0.0	0.0	0.0	0.0	0.0	0.0	0.0	0.0	0.0	0.0	0.0	0.0	0.0	0.0	0.0	0.0	0.0	0.0	0.0	0.0	0.0	0.0	0.0	0.0	0.0	0.0	0.0	0.0	0.0	0.0	0.0	0.0	0.0	0.0	0.0	0.0	0.0	0.0	0.0	0.0	0.0	0.0	0.0	0.0	0.0	0.0	0.0	0.0	0.0	0.0	0.0	0.0	0.0	0.0	0.0	0.0	0.0	0.0	0.0	0.0	0.0	0.0	0.0	0.0	0.0	0.0	0.0	0.0	0.0	0.0	0.0	0.0	0.0	0.0	0.0	0.0	0.0	0.0	0.0	0.0	0.0	0.0	0.0	0.0	0.0	0.0	0.0	0.0	0.0	0.0	0.0	0.0	0.0	0.0	0.0	0.0	0.0	0.0	0.0	0.0	0.0	0.0	0.0	0.0	0.0	0.0	0.0	0.0	0.0	0.0	0.0	0.0	0.0	0.0	0.0	0.0	0.0	0.0	0.0	0.0	0.0	0.0	0.0	0.0	0.0	0.0	0.0	0.0	0.0	0.0	0.0	0.0	0.0	0.0	0.0	0.0	0.0	0.0	0.0	0.0	0.0	0.0	0.0	0.0	0.0	0.0	0.0	0.0	0.0	0.0	0.0	0.0	0.0	0.0	0.0	0.0	0.0	0.0	0.0	0.0	0.0	0.0	0.0	0.0	0.0	0.0	0.0	0.0	0.0	0.0	0.0	0.0	0.0	0.0	0.0	0.0	0.0	0.0	0.0	0.0	0.0	0.0	0.0	0.0	0.0	0.0	0.0	0.0	0.0	0.0	0.0	0.0	0.0	0.0	0.0	0.0	0.0	0.0	0.0	0.0	0.0	0.0	0.0	0.0	0.0	0.0	0.0	0.0	0.0	0.0	0.0	0.0	0.0	0.0	0.0	0.0	0.0	0.0	0.0	0.0	0.0	0.0	0.0	0.0	0.0	0.0	0.0	0.0	0.0	0.0	0.0	0.0	0.0	0.0	0.0	0.0	0.0	0.0	0.0	0.0	0.0	0.0	0.0	0.0	0.0	0.0	0.0	0.0	0.0	0.0	0.0	0.0	0.0	0.0	0.0	0.0	0.0	0.0	0.0	0.0	0.0	0.0	0.0	0.0	0.0	0.0	0.0	0.0	0.0	0.0	0.0	0.0	0.0	0.0	0.0	0.0	0.0	0.0	0.0	0.0	0.0	0.0	0.0	0.0	0.0	0.0	0.0	0.0	0.0	0.0	0.0	0.0	0.0	0.0	0.0	0.0	0.0	0.0	0.0	0.0	0.0
2.044463812663342e-21	2.044463812663343e-21	2.044463812663345e-21	2.0444638126633504e-21	2.044463812663359e-21	2.044463812663373e-21	2.0444638126633952e-21	2.0444638126634294e-21	2.0444638126634795e-21	2.0444638126635536e-21	2.04446381266366e-21	2.044463812663812e-21	2.044463812664273e-21	2.0444638126649773e-21	2.044463812666038e-21	2.0444638126676164e-21	2.0444638126699445e-21	2.044463812673363e-21	2.0444638126783708e-21	2.044463812685706e-21	2.0444638126964697e-21	2.0444638127123172e-21	2.0444638127357515e-21	2.04446381277058e-21	2.0444638128226154e-21	2.044463812900753e-21	2.044463813008395e-21	2.044463813155525e-21	2.0444638133565227e-21	2.0444638136309395e-21	2.0444638140053474e-21	2.0444638145158626e-21	2.0444638152115487e-21	2.0444638161589953e-21	2.044463817448405e-21	2.04446381920163e-21	2.0444638215826137e-21	2.0444638248107172e-21	2.0444638291772713e-21	2.0444638350653944e-21	2.0444638429723976e-21	2.044463853532815e-21	2.0444638676309544e-21	2.0444638864406225e-21	2.0444639115196184e-21	2.044463944937058e-21	2.0444639894363606e-21	2.0444640486487822e-21	2.0444641273724062e-21	2.0444642319358434e-21	2.044464370671545e-21	2.0444645545311945e-21	2.0444647978860102e-21	2.044465119569434e-21	2.0444655442410672e-21	2.0444661041828205e-21	2.044466841687632e-21	2.0444678122782655e-21	2.0444690885300127e-21	2.04447076523983e-21	2.0444729660881117e-21	2.044475852279827e-21	2.044479633723439e-21	2.0444845834882116e-21	2.044491056497638e-21	2.044499513697784e-21	2.0445105533028344e-21	2.0445249511876357e-21	2.044543713091837e-21	2.044568142044239e-21	2.0445999253209496e-21	2.0446412463032733e-21	2.0446949277326464e-21	2.0447646167159365e-21	2.0448550226444387e-21	2.044972223208626e-21	2.0451240578172653e-21	2.0453206332352945e-21	2.04557497323427e-21	2.0459038529556964e-21	2.046328870046555e-21	2.0468778191166385e-21	2.0475864545941826e-21	2.048500750875418e-21	2.04967979960403e-21	2.0511995247809733e-21	2.0531574440044856e-21	2.055678768826814e-21	2.0589242191415576e-21	2.063100030717191e-21	2.068470768386852e-21	2.0753757277033115e-21	2.084249925477761e-21	2.095650957749861e-21	2.110293359214262e-21	2.1290925521944706e-21	2.153221052195661e-21	2.1841803322891997e-21	2.2238926911288694e-21	2.274818670564683e-21	2.3401071001776026e-21	2.4237867992191827e-21	2.531011456385898e-21	2.6683723816037118e-21	2.8442978681303326e-21	3.069563054802924e-21	3.357940738400722e-21	3.727031938858492e-21	4.19932565830248e-21	4.8035508142572055e-21	5.5764005564556415e-21	6.56473109636455e-21	7.828365058207684e-21	9.443664811683919e-21	1.1508086314769054e-20	1.4145981274711846e-20	1.751598821809061e-20	2.182044551965335e-20	2.731737685815055e-20	3.433574864411768e-20	4.3294888183411234e-20	5.472919144267074e-20	6.931955386591037e-20	8.793334396087108e-20	1.116752290945635e-19	1.4195178363202178e-19	1.8055359601043492e-19	2.297595875229927e-19	2.9246951702835867e-19	3.7237224262996656e-19	4.74159332106908e-19	6.0379617022701885e-19	7.688659439304161e-19	9.790059733942912e-19	1.2464610220952546e-18	1.5867847442911398e-18	2.0197286691533443e-18	2.5703685243853105e-18	3.2705308314283562e-18	4.160599267290108e-18	5.291801174831918e-18	6.729100932813067e-18	8.55486007458705e-18	1.0873465834916138e-17	1.381718242299992e-17	1.7553545545433085e-17	2.2294704020105054e-17	2.830921709865334e-17	3.593694782264208e-17	4.560785822859443e-17	5.786572006428387e-17	7.339801560985555e-17	9.307363062369712e-17	1.1799035211380445e-16	1.4953469850279244e-16	1.8945725493861255e-16	2.3996749460424844e-16	3.038530785498972e-16	3.84629892472935e-16	4.867306621070024e-16	6.15741968003967e-16	7.787019532280402e-16	9.844741053392375e-16	1.2442163480116706e-15	1.5719694852136494e-15	1.985395034773796e-15	2.5066999569846493e-15	3.1637950853811685e-15	3.991745644077935e-15	5.034586637538084e-15	6.347593802842539e-15	8.000123060096674e-15	1.0079159019522147e-14	1.2693747382805765e-14	1.5980528588745345e-14	2.011064274329763e-14	2.5298341136271126e-14	3.181172042795935e-14	3.9986095512774455e-14	5.024065058613388e-14	6.309916052228831e-14	7.921576302078993e-14	9.940699431786599e-14	1.2469158765271825e-13	1.563398864451139e-13	1.959351583375604e-13	2.454496302745639e-13	3.0733872107563036e-13	3.8465775386791877e-13	4.81206419601799e-13	6.017074752236239e-13	7.520276452091311e-13	9.394505129133462e-13	1.1730134111621834e-12	1.463923037660709e-12	1.826067836595135e-12	2.2766492319911806e-12	2.836958726427531e-12	3.5333338781270817e-12	4.398333466214519e-12	5.472181019945662e-12	6.804536649784482e-12	8.456670168604718e-12	1.0504124300277269e-11	1.3039975903445004e-11	1.6178826263430555e-11	2.0061679428479082e-11	2.486190124577514e-11	3.079249232807247e-11	3.811495700845561e-11	4.7150109026750134e-11	5.829122514148347e-11	7.202004232927162e-11	8.892619537943504e-11	1.0973081265105904e-10	1.353151322213978e-10	1.6675517294991776e-10	2.0536370018747252e-10	2.527409699117526e-10	3.1083602489676973e-10	3.8202066019408266e-10	4.691785820911369e-10	5.758127656834823e-10	7.061745838165875e-10	8.654189489089272e-10	1.0597904957259907e-9	1.2968467566476913e-9	1.5857253632142047e-9	1.937463573659201e-9	2.3653799040463892e-9	2.885529362554805e-9	3.5172457885453922e-9	4.283787120877007e-9	5.2131021089240186e-9	6.33874008542405e-9	7.700928998640857e-9	9.347851014042867e-9	1.1337149710312094e-8	1.3737708284477005e-8	1.663174432562373e-8	2.0117273700899665e-8	2.4311004011419215e-8	2.9351727013615356e-8	3.54042894612235e-8	4.266423310387307e-8	5.136320717941539e-8	6.17752707550881e-8	7.422421779789381e-8	8.909207496774237e-8	1.0682894089388555e-7	1.2796435616151014e-7	1.5312041541954257e-7	1.8302685690641612e-7	2.1853839021770862e-7	2.606545501943686e-7	3.105423932140006e-7	3.6956238166456155e-7	4.3929783262379783e-7	5.215883373087983e-7	6.185675881299796e-7	7.327060794823413e-7	8.668591758881396e-7	1.0243210657661095e-6	1.2088851397732487e-6	1.424911348003588e-6	1.677401098818597e-6	1.972080262042419e-6	2.3154908288446167e-6	2.7150917578865717e-6	3.1793695001647245e-6	3.7179586413415745e-6	4.341773028135298e-6	5.063147652571868e-6	5.895991452834295e-6	6.85595105065442e-6	7.960585281746642e-6	9.229550187384942e-6	1.0684793922394389e-5	1.2350760799082684e-5	1.4254603430668863e-5	1.6426401665609188e-5	1.889938672138534e-5	2.171016863987864e-5	2.4898964905045487e-5	2.850982779733979e-5	3.259086781952513e-5	3.7194470327292666e-5	4.237750234766281e-5	4.8201506479818875e-5	5.4732878755838824e-5	6.204302739762445e-5	7.02085095393211e-5	7.93111431796873e-5	8.943809185949278e-5	0.0001006819197773935	0.000113140615186555	0.00012691757983456764	0.00014212158174293693	0.00015886666750756026	0.0001772720281549265	0.00019746180885073068	0.00021956484660892923	0.00024371431038438342	0.0002700472027654364	0.00029870365924990894	0.0003298259457849777	0.00036358025893730537	0.00040016118695153336	0.0004397792370266845	0.00048266353011778976	0.000529064964748109	0.0005792599311047918	0.0006335546685184664	0.0006922903729040541	0.0007558491755318243	0.0008246611293919568	0.0008992123517897606	0.0009800544764839473	0.0010678155558212252	0.001163212504616039	0.0012670650592021553	0.0013803109749980199	0.0015040216894439198	0.0016394167215854419	0.001787873266976396	0.0019509240250724974	0.0021302298292656054	0.002327501359862649	0.0025443206756899737	0.0027872206266032974	0.0030653503082110458	0.003391397096549772	0.0037838543609064706	0.004271212723194695	0.004898279093602935	0.005734566660679572	0.006895527914042143	0.008484627260204103	0.010638451641637747	0.013533877669381876	0.017396436289228677	0.022510119250673984	0.029228228922253838	0.03798468130699651	0.04930497613754585	0.0638157571674095	0.08225152289134996	0.1054566517914575	0.134380528476919	0.17006326815535736	0.2136094285116867	0.2661472816834748	0.3287718173913251	0.4024707786513183	0.48803477875562984	0.5859549285844754	0.6963143216556428	0.8186829319294575	0.952028543971043	1.0946586387146509	1.244208941523504	1.3976928086591676	1.5516211315427748	1.7021946996438908	1.8455603385407136	1.9781098238386794	2.0967886580516293	2.199373093804416	2.284671308667962	2.35238933026712	2.3993313537699144	2.413488017834369	2.371808598049906	2.2494775434067216	2.036485031809849	1.7477709689438203	1.419266595676453	1.0934757446498726	0.8044990768204233	0.570414648523997	0.39414219262661593	0.2689003354310513	0.18395088325958486	0.12847935077812567	0.0934342381791684	0.07198527873075215	0.05929826022784779	0.05208598389669715	0.04816490684489305	0.046101635292043364	0.0449606932729233	0.044136604155327816	0.043246877073766746	0.04206487550586193	0.040476732906171	0.038451690415783356	0.03601947005743089	0.03325136736764595	0.030243747064259037	0.027103751553459243	0.023937508438475565
-2.044463812663342e-21	-2.044463812663343e-21	-2.044463812663345e-21	-2.0444638126633504e-21	-2.044463812663359e-21	-2.044463812663373e-21	-2.0444638126633952e-21	-2.0444638126634294e-21	-2.0444638126634795e-21	-2.0444638126635536e-21	-2.04446381266366e-21	-2.044463812663812e-21	-2.044463812664273e-21	-2.0444638126649773e-21	-2.044463812666038e-21	-2.0444638126676164e-21	-2.0444638126699445e-21	-2.044463812673363e-21	-2.0444638126783708e-21	-2.044463812685706e-21	-2.0444638126964697e-21	-2.0444638127123172e-21	-2.0444638127357515e-21	-2.04446381277058e-21	-2.0444638128226154e-21	-2.044463812900753e-21	-2.044463813008395e-21	-2.044463813155525e-21	-2.0444638133565227e-21	-2.0444638136309395e-21	-2.0444638140053474e-21	-2.0444638145158626e-21	-2.0444638152115487e-21	-2.0444638161589953e-21	-2.044463817448405e-21	-2.04446381920163e-21	-2.0444638215826137e-21	-2.0444638248107172e-21	-2.0444638291772713e-21	-2.0444638350653944e-21	-2.0444638429723976e-21	-2.044463853532815e-21	-2.0444638676309544e-21	-2.0444638864406225e-21	-2.0444639115196184e-21	-2.044463944937058e-21	-2.0444639894363606e-21	-2.0444640486487822e-21	-2.0444641273724062e-21	-2.0444642319358434e-21	-2.044464370671545e-21	-2.0444645545311945e-21	-2.0444647978860102e-21	-2.044465119569434e-21	-2.0444655442410672e-21	-2.0444661041828205e-21	-2.044466841687632e-21	-2.0444678122782655e-21	-2.0444690885300127e-21	-2.04447076523983e-21	-2.0444729660881117e-21	-2.044475852279827e-21	-2.044479633723439e-21	-2.0444845834882116e-21	-2.044491056497638e-21	-2.044499513697784e-21	-2.0445105533028344e-21	-2.0445249511876357e-21	-2.044543713091837e-21	-2.044568142044239e-21	-2.0445999253209496e-21	-2.0446412463032733e-21	-2.0446949277326464e-21	-2.0447646167159365e-21	-2.0448550226444387e-21	-2.044972223208626e-21	-2.0451240578172653e-21	-2.0453206332352945e-21	-2.04557497323427e-21	-2.0459038529556964e-21	-2.046328870046555e-21	-2.0468778191166385e-21	-2.0475864545941826e-21	-2.048500750875418e-21	-2.04967979960403e-21	-2.0511995247809733e-21	-2.0531574440044856e-21	-2.055678768826814e-21	-2.0589242191415576e-21	-2.063100030717191e-21	-2.068470768386852e-21	-2.0753757277033115e-21	-2.084249925477761e-21	-2.095650957749861e-21	-2.110293359214262e-21	-2.1290925521944706e-21	-2.153221052195661e-21	-2.1841803322891997e-21	-2.2238926911288694e-21	-2.274818670564683e-21	-2.3401071001776026e-21	-2.4237867992191827e-21	-2.531011456385898e-21	-2.6683723816037118e-21	-2.8442978681303326e-21	-3.069563054802924e-21	-3.357940738400722e-21	-3.727031938858492e-21	-4.19932565830248e-21	-4.8035508142572055e-21	-5.5764005564556415e-21	-6.56473109636455e-21	-7.828365058207684e-21	-9.443664811683919e-21	-1.1508086314769054e-20	-1.4145981274711846e-20	-1.751598821809061e-20	-2.182044551965335e-20	-2.731737685815055e-20	-3.433574864411768e-20	-4.3294888183411234e-20	-5.472919144267074e-20	-6.931955386591037e-20	-8.793334396087108e-20	-1.116752290945635e-19	-1.4195178363202178e-19	-1.8055359601043492e-19	-2.297595875229927e-19	-2.9246951702835867e-19	-3.7237224262996656e-19	-4.74159332106908e-19	-6.0379617022701885e-19	-7.688659439304161e-19	-9.790059733942912e-19	-1.2464610220952546e-18	-1.5867847442911398e-18	-2.0197286691533443e-18	-2.5703685243853105e-18	-3.2705308314283562e-18	-4.160599267290108e-18	-5.291801174831918e-18	-6.729100932813067e-18	-8.55486007458705e-18	-1.0873465834916138e-17	-1.381718242299992e-17	-1.7553545545433085e-17	-2.2294704020105054e-17	-2.830921709865334e-17	-3.593694782264208e-17	-4.560785822859443e-17	-5.786572006428387e-17	-7.339801560985555e-17	-9.307363062369712e-17	-1.1799035211380445e-16	-1.4953469850279244e-16	-1.8945725493861255e-16	-2.3996749460424844e-16	-3.038530785498972e-16	-3.84629892472935e-16	-4.867306621070024e-16	-6.15741968003967e-16	-7.787019532280402e-16	-9.844741053392375e-16	-1.2442163480116706e-15	-1.5719694852136494e-15	-1.985395034773796e-15	-2.5066999569846493e-15	-3.1637950853811685e-15	-3.991745644077935e-15	-5.034586637538084e-15	-6.347593802842539e-15	-8.000123060096674e-15	-1.0079159019522147e-14	-1.2693747382805765e-14	-1.5980528588745345e-14	-2.011064274329763e-14	-2.5298341136271126e-14	-3.181172042795935e-14	-3.9986095512774455e-14	-5.024065058613388e-14	-6.309916052228831e-14	-7.921576302078993e-14	-9.940699431786599e-14	-1.2469158765271825e-13	-1.563398864451139e-13	-1.959351583375604e-13	-2.454496302745639e-13	-3.0733872107563036e-13	-3.8465775386791877e-13	-4.81206419601799e-13	-6.017074752236239e-13	-7.520276452091311e-13	-9.394505129133462e-13	-1.1730134111621834e-12	-1.463923037660709e-12	-1.826067836595135e-12	-2.2766492319911806e-12	-2.836958726427531e-12	-3.5333338781270817e-12	-4.398333466214519e-12	-5.472181019945662e-12	-6.804536649784482e-12	-8.456670168604718e-12	-1.0504124300277269e-11	-1.3039975903445004e-11	-1.6178826263430555e-11	-2.0061679428479082e-11	-2.486190124577514e-11	-3.079249232807247e-11	-3.811495700845561e-11	-4.7150109026750134e-11	-5.829122514148347e-11	-7.202004232927162e-11	-8.892619537943504e-11	-1.0973081265105904e-10	-1.353151322213978e-10	-1.6675517294991776e-10	-2.0536370018747252e-10	-2.527409699117526e-10	-3.1083602489676973e-10	-3.8202066019408266e-10	-4.691785820911369e-10	-5.758127656834823e-10	-7.061745838165875e-10	-8.654189489089272e-10	-1.0597904957259907e-9	-1.2968467566476913e-9	-1.5857253632142047e-9	-1.937463573659201e-9	-2.3653799040463892e-9	-2.885529362554805e-9	-3.5172457885453922e-9	-4.283787120877007e-9	-5.2131021089240186e-9	-6.33874008542405e-9	-7.700928998640857e-9	-9.347851014042867e-9	-1.1337149710312094e-8	-1.3737708284477005e-8	-1.663174432562373e-8	-2.0117273700899665e-8	-2.4311004011419215e-8	-2.9351727013615356e-8	-3.54042894612235e-8	-4.266423310387307e-8	-5.136320717941539e-8	-6.17752707550881e-8	-7.422421779789381e-8	-8.909207496774237e-8	-1.0682894089388555e-7	-1.2796435616151014e-7	-1.5312041541954257e-7	-1.8302685690641612e-7	-2.1853839021770862e-7	-2.606545501943686e-7	-3.105423932140006e-7	-3.6956238166456155e-7	-4.3929783262379783e-7	-5.215883373087983e-7	-6.185675881299796e-7	-7.327060794823413e-7	-8.668591758881396e-7	-1.0243210657661095e-6	-1.2088851397732487e-6	-1.424911348003588e-6	-1.677401098818597e-6	-1.972080262042419e-6	-2.3154908288446167e-6	-2.7150917578865717e-6	-3.1793695001647245e-6	-3.7179586413415745e-6	-4.341773028135298e-6	-5.063147652571868e-6	-5.895991452834295e-6	-6.85595105065442e-6	-7.960585281746642e-6	-9.229550187384942e-6	-1.0684793922394389e-5	-1.2350760799082684e-5	-1.4254603430668863e-5	-1.6426401665609188e-5	-1.889938672138534e-5	-2.171016863987864e-5	-2.4898964905045487e-5	-2.850982779733979e-5	-3.259086781952513e-5	-3.7194470327292666e-5	-4.237750234766281e-5	-4.8201506479818875e-5	-5.4732878755838824e-5	-6.204302739762445e-5	-7.02085095393211e-5	-7.93111431796873e-5	-8.943809185949278e-5	-0.0001006819197773935	-0.000113140615186555	-0.00012691757983456764	-0.00014212158174293693	-0.00015886666750756026	-0.0001772720281549265	-0.00019746180885073068	-0.00021956484660892923	-0.00024371431038438342	-0.0002700472027654364	-0.00029870365924990894	-0.0003298259457849777	-0.00036358025893730537	-0.00040016118695153336	-0.0004397792370266845	-0.00048266353011778976	-0.000529064964748109	-0.0005792599311047918	-0.0006335546685184664	-0.0006922903729040541	-0.0007558491755318243	-0.0008246611293919568	-0.0008992123517897606	-0.0009800544764839473	-0.0010678155558212252	-0.001163212504616039	-0.0012670650592021553	-0.0013803109749980199	-0.0015040216894439198	-0.0016394167215854419	-0.001787873266976396	-0.0019509240250724974	-0.0021302298292656054	-0.002327501359862649	-0.0025443206756899737	-0.0027872206266032974	-0.0030653503082110458	-0.003391397096549772	-0.0037838543609064706	-0.004271212723194695	-0.004898279093602935	-0.005734566660679572	-0.006895527914042143	-0.008484627260204103	-0.010638451641637747	-0.013533877669381876	-0.017396436289228677	-0.022510119250673984	-0.029228228922253838	-0.03798468130699651	-0.04930497613754585	-0.0638157571674095	-0.08225152289134996	-0.1054566517914575	-0.134380528476919	-0.17006326815535736	-0.2136094285116867	-0.2661472816834748	-0.3287718173913251	-0.4024707786513183	-0.48803477875562984	-0.5859549285844754	-0.6963143216556428	-0.8186829319294575	-0.952028543971043	-1.0946586387146509	-1.244208941523504	-1.3976928086591676	-1.5516211315427748	-1.7021946996438908	-1.8455603385407136	-1.9781098238386794	-2.0967886580516293	-2.199373093804416	-2.284671308667962	-2.35238933026712	-2.3993313537699144	-2.413488017834369	-2.371808598049906	-2.2494775434067216	-2.036485031809849	-1.7477709689438203	-1.419266595676453	-1.0934757446498726	-0.8044990768204233	-0.570414648523997	-0.39414219262661593	-0.2689003354310513	-0.18395088325958486	-0.12847935077812567	-0.0934342381791684	-0.07198527873075215	-0.05929826022784779	-0.05208598389669715	-0.04816490684489305	-0.046101635292043364	-0.0449606932729233	-0.044136604155327816	-0.043246877073766746	-0.04206487550586193	-0.040476732906171	-0.038451690415783356	-0.03601947005743089	-0.03325136736764595	-0.030243747064259037	-0.027103751553459243	-0.023937508438475565
