1.0975913802482153e-17	1.2732060010879298e-17	1.476918961261998e-17	1.7132259950639183e-17	1.987342154274146e-17	2.3053168989580092e-17	2.6741676027912906e-17	3.1020344192378974e-17	3.598359926315962e-17	4.1740975145265166e-17	4.8419531168507603e-17	5.616665615546882e-17	6.515332114034381e-17	7.557785252279885e-17	8.767030892644668e-17	1.0169755835467817e-16	1.1796916769142669e-16	1.3684423452205496e-16	1.5873931204558382e-16	1.8413760197287709e-16	2.135996182885343e-16	2.4777555721466646e-16	2.874196463687669e-16	3.3340678978634724e-16	3.8675187614530295e-16	4.486321762998363e-16	5.204133244006554e-16	6.036794559413812e-16	7.00268167755835e-16	8.123110712843818e-16	9.422808336044883e-16	1.093045743364885e-15	1.2679330037756166e-15	1.470802145389447e-15	1.706130171003739e-15	1.979110297155749e-15	2.295766444754673e-15	2.6630859581388803e-15	3.089173398605849e-15	3.583428663890576e-15	4.15675312310279e-15	4.821787913304661e-15	5.593188992424319e-15	6.4879439364673865e-15	7.52573572848034e-15	8.729358786188393e-15	1.0125192017607116e-14	1.174373247987042e-14	1.3620190804364162e-14	1.5795145311868377e-14	1.831524482035576e-14	2.1233939466129486e-14	2.461220321679628e-14	2.851919016599136e-14	3.303273915987663e-14	3.8239610280193136e-14	4.423530962025541e-14	5.1123351455482086e-14	5.901384691380087e-14	6.80214352764267e-14	7.826283160664591e-14	8.985467685562851e-14	1.0291291233083317e-13	1.1755544226163127e-13	1.3391021304696097e-13	1.521308725770254e-13	1.7242188099479167e-13	1.950745329150318e-13	2.2051515194225058e-13	2.493670607625563e-13	2.825290783220018e-13	3.212754554687001e-13	3.6738549825307017e-13	4.2331576902802486e-13	4.924337869561119e-13	5.793397049133554e-13	6.903118970820984e-13	8.339245894481035e-13	1.0219020103865168e-12	1.2702960150948715e-12	1.601105348700512e-12	2.0444980452707674e-12	2.641858393887343e-12	3.449962465628136e-12	4.546699588329329e-12	6.0389126134344124e-12	8.073142771306275e-12	1.0850356555359218e-11	1.4646131500667744e-11	1.9838324800440983e-11	2.69449980307557e-11	3.667639754330766e-11	5.000619553203114e-11	6.826912111002243e-11	9.32947449119439e-11	1.2759078561738383e-10	1.7459423847406276e-10	2.390153701526612e-10	3.2730884313870016e-10	4.4831882769951825e-10	6.141621557740208e-10	8.414370325962521e-10	1.1528768026663256e-9	1.5796118140593166e-9	2.1642616468663605e-9	2.965160387217497e-9	4.062126625681904e-9	5.564337284234407e-9	7.621063290979057e-9	1.0436292767352552e-8	1.4288626411509866e-8	1.9558309745388413e-8	2.676390633819233e-8	3.6611964911025e-8	5.006415581770512e-8	6.842783190400002e-8	9.347791231541997e-8	1.2762053370045747e-7	1.741122402339753e-7	2.3735282395093585e-7	3.2327558217439665e-7	4.3986612427291333e-7	5.978504532835661e-7	8.116055489155473e-7	1.100361980610939e-6	1.4897893580296991e-6	2.014083231947869e-6	2.718708452987062e-6	3.6640017706166737e-6	4.929899517102311e-6	6.62214031647082e-6	8.880406886669641e-6	1.1889030194901449e-5	1.589110994737793e-5	2.120725584016664e-5	2.8260713192367868e-5	3.7611568771966404e-5	5.0004337218133e-5	6.64360409918452e-5	8.825685211513944e-5	0.0001173240471836095	0.00015624503961941764	0.00020877072557528109	0.0002804427069707914	0.00037966709105402243	0.0005194978635073897	0.0007205412744990447	0.0010151211996943113	0.0014544399644945785	0.0021199129704058497	0.003140317421046753	0.004717958870149353	0.007168076877351506	0.010977325120771299	0.01688976259442059	0.02603162235055846	0.04008906286426411	0.06155559194799663	0.09406355873969514	0.14280011559890904	0.21496518367717446	0.32012510003087	0.47006514723710924	0.6773011642842258	0.9518220221401332	1.0	1.0	1.0	1.0	1.0	1.0	1.0	1.0	1.0	1.0	1.0	1.0	1.0	1.0	1.0	1.0	1.0	1.0	1.0	1.0	1.0	1.0	1.0	1.0	1.0	1.0	1.0	1.0	1.0	1.0	1.0	1.0	1.0	1.0	1.0	1.0	1.0	1.0	1.0	1.0	1.0	1.0	1.0	1.0	1.0	1.0	1.0	1.0	1.0	1.0	1.0	1.0	1.0	1.0	1.0	1.0	1.0	1.0	1.0	1.0	1.0	1.0	1.0	1.0	1.0	1.0	1.0	1.0	1.0	1.0	1.0	1.0	1.0	1.0	1.0	1.0	1.0	1.0	1.0	1.0	1.0	1.0	1.0	1.0	1.0	1.0	1.0	1.0	1.0	1.0	1.0	1.0	1.0	1.0	1.0	1.0	1.0	1.0	1.0	1.0	1.0	1.0	1.0	1.0	1.0	1.0	1.0	1.0	1.0	1.0	1.0	1.0	1.0	1.0	1.0	1.0	1.0	1.0	1.0	1.0	1.0	1.0	1.0	1.0	1.0	1.0	1.0	1.0	1.0	1.0	1.0	1.0	1.0	1.0	1.0	1.0	1.0	1.0	1.0	1.0	1.0	1.0	1.0	1.0	1.0	1.0	1.0	1.0	1.0	1.0	1.0	1.0	1.0	1.0	1.0	1.0	1.0	1.0	1.0	1.0	1.0	1.0	1.0	1.0	1.0	1.0	1.0	1.0	1.0	1.0	1.0	1.0	1.0	1.0	1.0	1.0	1.0	1.0	1.0	1.0	1.0	1.0	1.0	1.0	1.0	1.0	1.0	1.0	1.0	1.0	1.0	1.0	1.0	1.0	1.0	1.0	1.0	1.0	1.0	1.0	1.0	1.0	1.0	1.0	1.0	1.0	1.0	1.0	1.0	1.0	1.0	1.0	1.0	1.0	1.0	1.0	1.0	1.0	1.0	1.0	1.0	1.0	1.0	1.0	1.0	1.0	1.0	1.0	1.0	1.0	1.0	1.0	1.0	1.0	1.0	1.0
4.246454662411664e-6	4.925884555897804e-6	5.714018159646638e-6	6.62824703280877e-6	7.68874444912096e-6	8.918910738001573e-6	1.0345889386711754e-5	1.2001165645238442e-5	1.3921260805181331e-5	1.6148537430101414e-5	1.8732133241152753e-5	2.1729044185546347e-5	2.5205380475132015e-5	2.9237823164884795e-5	3.391531321550896e-5	3.934101004936498e-5	4.563456246706815e-5	5.293474157021088e-5	6.140249316736177e-5	7.122447619277026e-5	8.261716411900018e-5	9.583159840669911e-5	0.00011115889694411242	0.00012893663645497107	0.00014955624629958643	0.000173471572303461	0.00020120879360059532	0.00023337790340046826	0.0002706859965500965	0.00031395264327331726	0.0003641276700849732	0.0004223117161928964	0.0004897799873210924	0.0005680096894613503	0.0006587116931834012	0.0007638670554037909	0.000885769110387999	0.0010270719355843488	0.0011908461007208322	0.0013806427201539823	0.0016005669479141958	0.0018553621806827593	0.0021505063634852804	0.0024923219221433222	0.002888100970679105	0.0033462475496480347	0.003876438737465044	0.004489806519211716	0.005199142283170952	0.006019125708633177	0.006966579590409234	0.008060751757918818	0.0093236246440703	0.010780252182584849	0.012459122458203853	0.014392542846671586	0.016617042101878053	0.019173780916681777	0.022108958593688825	0.025474198978361295	0.029326892806226773	0.03373046608615489	0.038754536793178036	0.04447491161110581	0.05097336490444888	0.05833712976008055	0.06665801971278362	0.07603109033387631	0.08655274151720307	0.09831815844637565	0.11141799526736731	0.1259342187631244	0.1419350592451819	0.15946905766611932	0.1785582552524599	0.19919066089296814	0.22131219513375225	0.2448183532047005	0.26954597166023425	0.29526523798321874	0.3216719546795112	0.34838349067502156	0.3750674728537732	0.4016798319897834	0.4282071263870569	0.4546463335285469	0.4809737847359289	0.5071795238777579	0.5332370588859315	0.5591368432040627	0.5848426844676791	0.6103278026551296	0.6355521017541763	0.6604560237682504	0.6849753524110265	0.7090289729387877	0.7325170912314599	0.7552322764148836	0.777044530023835	0.7977760576393073	0.8171539879586341	0.8348376684400955	0.8503676141583272	0.8631823561496429	0.8725591437180579	0.8775084374441573	0.8769803606340548	0.8695966552462637	0.8537035909685148	0.8273994961807193	0.7885965085419578	0.7350462096098714	0.6644152382589137	0.5744622820413241	0.46323830199717164	0.3293875638780075	0.17250328235895424	0.0	0.0	0.0	0.0	0.0	0.0	0.0	0.0	0.0	0.0	0.0	0.0	0.0	0.0	0.0	0.0	0.0	0.0	0.0	0.0	0.0	0.0	0.0	0.0	0.0	0.0	0.0	0.0	0.0	0.0	0.0	0.0	0.0	0.0	0.0	0.0	0.0	0.0	0.0	0.0	0.0	0.0	0.0	0.0	0.0	0.0	0.0	0.0	0.0	0.0	0.0	0.0	0.0	0.0	0.0	0.0	0.0	0.0	0.0	0.0	0.0	0.0	0.0	0.0	0.0	0.0	0.0	0.0	0.0	0.0	0.0	0.0	0.0	0.0	0.0	0.0	0.0	0.0	0.0	0.0	0.0	0.0	0.0	0.0	0.0	0.0	0.0	0.0	0.0	0.0	0.0	0.0	0.0	0.0	0.0	0.0	0.0	0.0	0.0	0.0	1.2327624884561975e-5	0.00018675829044152714	0.00035183678825974514	0.0005080600946599702	0.0006558909813789184	0.0007957624704266041	0.0009280846715233257	0.0010532461847563845	0.0011716153911653093	0.0012835416390312299	0.001389356332216686	0.0014893739263345182	0.0015838928379416882	0.001673196271367484	0.0017575529671978226	0.0018372178758537631	0.00191243275911962	0.0019834267218981003	0.002050417189191033	0.0021136107483169797	0.002173203604583793	0.0022293819886569054	0.002282322569044747	0.002332193369174205	0.0023791541235978243	0.0024233566023409755	0.002464944924327913	0.002504056279571648	0.0025408212277206136	0.0025753639785229647	0.0026078026560619628	0.0026382495484073287	0.003645551891240932	0.0046174194600178894	0.005540969153322691	0.006419413720282973	0.007255543157056453	0.008051908261826628	0.008810729575206616	0.009534060667435987	0.010223793140782093	0.010881592766246097	0.011509005391722773	0.012107448333345766	0.01267827664206625	0.01322278010427445	0.013742146331834973	0.014237507512314165	0.014709914422688918	0.015160364036531973	0.015589797793397569	0.015999106868284964	0.01638914040450927	0.01765338741081624	0.019528180762807344	0.021317894994168765	0.023028442161024797	0.024665083167345416	0.02623246675642344	0.027734752817630583	0.029175628564060092	0.03055843254114793	0.03188618973864974	0.03316164335409633	0.034387296155594924	0.03556545724539528	0.03669824714586586	0.03778761617207336	0.038835367274301084	0.03984316372180106	0.04081253920065907	0.04174490562678705	0.04264155524310696	0.04350366125579268	0.04433227949418586	0.04905878677135373	0.054309120536304094	0.05934934805402034	0.06420042058897364	0.06888005752726159	0.07340341471393785	0.07778363063244097	0.08203209292396904	0.08615883295301809	0.09017279081019394	0.09408198487897058	0.09789360146259546	0.1016141331645369	0.10524946310911983	0.10880491514060642	0.11228528724219952	0.1156948584463904	0.11903738438302978	0.12231607370700466	0.12553354391568255	0.1286917591449589	0.13179195114235615	0.13483451763540932	0.13781889156936428	0.14074337819275085	0.15316299476562703	0.1711496939566698	0.18822930674895605	0.20459646972633774	0.22040898004519535	0.23579743406844578	0.2508676649599692	0.2657114310128481	0.28041103762912434	0.2950381461918718	0.3096549741061465	0.32431308184734764	0.33905163070820515	0.3538941365917462	0.36884237069052483	0.42218290016304266	0.47573550636281203	0.5611000456490416	0.6438361728400587	0.7392569481750602	0.8333636313560828	0.9298866396697872	0.9843682461523636	0.9849261142183461	0.9857344234755666	0.9868817162331041	0.9877282158985182	0.9878860338535183	0.9881005002499181	0.9883882825740612	0.9887695733298654	0.9892683086448615	0.9899121810897178	0.9907323489465972	0.9917627389606429	0.9930388442391349	0.9945959390818495	0.9964666735705113	0.9986780766129867	1.0	1.0	1.0	1.0	1.0	1.0	1.0	1.0	1.0	1.0	1.0	1.0	1.0	1.0	1.0	1.0	1.0	1.0	1.0	1.0	1.0	1.0	1.0	1.0	1.0	1.0	1.0	1.0	1.0	1.0	1.0	1.0	1.0	1.0	1.0	1.0	1.0	1.0	1.0	1.0	1.0	1.0	1.0	1.0	1.0
0.6524375726316008	0.631878190080526	0.6068286892352622	0.6020711348186949	0.5778387006920319	0.579456007833403	0.5813554415550355	0.6187109977127709	0.6200184814670321	0.6213982966055305	0.6228342143119244	0.6243175036258231	0.6751030547279695	0.675517733606105	0.6759135077377826	0.6762865471718655	0.6766335184389692	0.676951471911249	0.6772377473554162	0.6774898862076805	0.6777055400742534	0.6778823644445449	0.6780178844717122	0.6781093155570188	0.71561217411836	0.715587412181759	0.7155634732806554	0.7155403699728679	0.7155181099927871	0.7154966935167041	0.7154761117080515	0.7154563447234881	0.7154373584560046	0.7154190998982023	0.715401490537723	0.7153844169981071	0.7153677178381418	0.7153511650583477	0.7153344382909919	0.7153170889028209	0.7152984902330556	0.7152777688375566	0.7152537098063932	0.7152246268357487	0.7151881846087127	0.715141154769915	0.7150790801732957	0.7149958202788941	0.7148829428504526	0.7147288889548523	0.7145178468005552	0.7142282246474795	0.713830574451607	0.7132847474016881	0.7125359663411318	0.7115093330385217	0.7101020328808118	0.7081720812654343	0.7055217494336541	0.7018725221154667	0.6968258140319463	0.6897976661790177	0.6799006676671228	0.6657066462135993	0.6447107689367979	0.9457574903420287	0.927847444117926	0.9075037969182806	0.885234757444751	0.8618768050538862	0.8386096272743391	0.9512746308719726	0.9473966341008843	0.9345846539146461	0.9417411828237824	0.9484112396533415	0.9357407349236467	0.9425233907600894	0.9487835205602383	0.9517832010063165	0.9415250178434726	0.9452621704076586	0.9465717351911505	0.943057915360293	0.9286116702910134	0.9134262727238804	0.9519297772074401	0.9453816310311449	0.9476282238646777	0.9504136805264182	0.9523752614995856	0.9513425825091194	0.9523544956904128	0.949020600004014	0.9520067283497967	0.9495701386177485	0.949425700592256	0.9376269452522786	0.9488260436932466	0.945689130844746	0.9340857982007019	0.9518791973026851	0.9414084530888465	0.9299991140097265	0.9178714591145943	0.9053336103344909	0.8927784868531939	0.9533419444194892	0.9443376545895457	0.9346690671886555	0.9440559153033983	0.9340526890386927	0.9234089909172162	0.9123454938785038	0.9011418264529504	0.9533272524664242	0.9457615202896146	0.9374713713994148	0.9503151265483063	0.9423844129468109	0.9460605025597264	0.9370762233176975	0.9271589913998671	0.9163547239008044	0.9047561288830183	0.8925081780532932	0.8798102504861062	0.8669136587441192	0.8541135981027659	0.8417352279978342	0.9482206650606114	0.9419752324466665	0.9352594231047717	0.9280943856157632	0.9205146297081954	0.9125688695711304	0.9043203184050914	0.8958463155836518	0.887237194511524	0.8785943393071597	0.8700274307328818	0.952949845070189	0.9507165365986326	0.9483433175669131	0.9458232625275685	0.9431493624729698	0.9403145538354756	0.9373117505133023	0.9341338789325232	0.9307739161261607	0.9272249307793831	0.9234801271555325	0.9195328917812905	0.9153768427310246	0.9110058813105043	0.9064142458991197	0.901596567667834	0.8965479278478151	0.891263916182461	0.8857406901539123	0.8799750345346607	0.8739644207761127	0.8677070657096055	0.861201989002018	0.8544490693681327	0.8474490964503762	0.8402038213128903	0.8327160029820215	0.8249894504307367	0.8170290595365667	0.8088408443701799	0.800431962189886	0.7918107315456083	0.7829866429349328	0.7739703615045909	0.764773721353919	0.7554097110733073	0.7458924502411672	0.7362371567083604	0.7264601046201734	0.7165785732636851	0.7066107869837911	0.6965758465853195	0.6864936528329727	0.6763848228769122	0.6662706006717077	0.6561727627227457	0.6461135207903592	0.6361154235122539	0.6262012592747926	0.6163939630805495	0.606716530632392	0.597191943394933	0.5878431090173384	0.5786928222260519	0.5697637521456014	0.5610784630100701	0.5526594764240498	0.5445293847661572	0.5367110270577162	0.5292277407148522	0.5221037051514409	0.5153643963108299	0.949668840427489	0.949614288298819	0.94956051417104	0.9495074891568708	0.9494551868412076	0.9494035830976291	0.9493526559087784	0.949302385192209	0.9492527526330312	0.9492037415244803	0.9491553366173331	0.94910752397892	0.9490602908623393	0.9490136255863868	0.9489675174266398	0.9489219565182391	0.9488769337709445	0.9488324407973303	0.9487884698555656	0.9487450138084763	0.9487020661020426	0.9486596207675643	0.9486176724537104	0.9485762164975416	0.9485352490471847	0.9484947672540693	0.9484547695595279	0.9484152561099652	0.9483762293471903	0.9483376948369583	0.9482996624204592	0.9482621478012936	0.9482251747165822	0.9481887778864001	0.9481530069930085	0.9481179320121829	0.9480836503052288	0.9480502959836656	0.9480180521799315	0.9479871669969296	0.9479579740648985	0.947930918802507	0.9479065916533014	0.9478857697390687	0.9478694685244151	0.9478590052041639	0.9478560755868055	0.9478628462299368	0.9478820634662662	0.9479171807237197	0.9479725052560583	0.9480533650010805	0.9481662954030947	0.9483192460970281	0.948521809139832	0.9487854676322207	0.9491238629780993	0.9495530877282585	0.9500920092894982	0.9507626361866645	0.951590545521909	0.9526053991281986	0.9538415864725021	0.955339044167142	0.957144314338765	0.9593119163950283	0.9619061185413987	0.9650032072618087	0.9686943672103921	0.9730893059886936	0.9783207985795928	0.9845504035183905	0.9919757501839389	1.0	1.0	1.0	1.0	1.0	1.0	1.0	1.0	1.0	1.0	1.0	1.0	1.0	1.0	1.0	1.0	1.0	1.0	1.0	1.0	1.0	1.0	1.0	1.0	1.0	1.0	1.0	1.0	1.0	1.0	1.0	1.0	1.0	1.0	1.0	1.0	1.0	1.0	1.0	1.0	1.0	1.0	1.0	1.0	1.0	1.0	1.0	1.0	1.0	1.0	1.0	1.0	1.0	1.0	1.0	1.0	1.0	1.0	1.0	1.0	1.0	1.0	1.0	1.0	1.0	1.0	1.0	1.0	1.0	1.0	1.0	1.0	1.0	1.0	1.0	1.0	1.0	1.0	1.0	1.0	1.0	1.0	1.0	1.0	1.0	1.0	1.0	1.0	1.0	1.0	1.0	1.0	1.0	1.0	1.0	1.0	1.0	1.0	1.0	1.0	1.0	1.0	1.0	1.0	1.0	1.0	1.0	1.0	1.0	1.0	1.0	1.0	1.0	1.0	1.0	1.0	1.0	1.0	1.0	1.0	1.0	1.0	1.0	1.0	1.0
0.10492327216750597	0.0	0.0	0.0	0.09641792526893246	0.09678879292544758	0.0972280141996796	0.10675529862111115	0.10712269152670235	0.10751316083088971	0.10792253980360043	0.10834871016785959	0.1252874045918987	0.1254475363469527	0.1256007500375783	0.12574550553236796	0.12588044521574085	0.12600435416226302	0.126116126772961	0.12621473552116078	0.1262991977962844	0.1263685366159077	0.12642173015230315	0.12645764345356694	0.14313558561576376	0.1431231227409876	0.1431110761681908	0.14309945200481827	0.1430882539348239	0.14307748184505414	0.14306713109591365	0.14305719152063914	0.14304764578903087	0.14303846707661352	0.14302961574281794	0.14302103462116936	0.14301264237227806	0.143004324164959	0.1429959186591957	0.14298719988231007	0.14297785207221575	0.14296743486302937	0.14295533524991402	0.14294070151870863	0.14292235267104972	0.14289865359468085	0.1428673427100435	0.1428252976167329	0.14276821995000458	0.14269020096108362	0.14258313298868536	0.14243590883004106	0.14223333217833178	0.1419546302484499	0.14157142193524477	0.14104493853931485	0.14032223195879015	0.13933104596199725	0.13797300392433956	0.1361148392749793	0.13357761941009588	0.13012427111370425	0.125445959579046	0.11914743518681431	0.11072968690740971	0.053061936819188076	0.042314831069174094	0.027892955225713514	0.0087250580224432	0.0	0.0	0.04585816136539063	0.04289659858990892	0.029450062657080264	0.037213815282508916	0.0437239139276179	0.030552578111661288	0.0379274982791096	0.044167119357140114	0.04701888542232488	0.03769149367819756	0.042557281131132246	0.045552532244591756	0.044582706028403876	0.03144661637453072	0.014269032607798859	0.046470696682350286	0.04035952845281495	0.04221298566841363	0.04517639600219416	0.04729296355972557	0.04639465945663845	0.0471718708026442	0.04423433675233605	0.04742671457042592	0.045556321958559694	0.04581064129402911	0.0341280971103911	0.04431871249969967	0.04198824340639685	0.030052856216407582	0.04703761490249376	0.039108550893068875	0.029318740371029335	0.017334480144473426	0.002791176163711922	0.0	0.046472071171434086	0.03886939609306616	0.02967008134450321	0.04114374986815634	0.03269572832949346	0.022545374508868517	0.010457194474520383	0.0	0.046616215874232945	0.040210420953108526	0.032430938718364576	0.045216427995608675	0.039061427995433905	0.045087893873133215	0.03893982781848636	0.031713323356724284	0.023276000233069853	0.01349635304333442	0.0022499151169190316	0.0	0.0	0.0	0.0	0.04563222813980954	0.04102647854789184	0.035868326619354206	0.03012854149297798	0.023784722282490796	0.016823170253874566	0.009240686750987435	0.0010461602685839472	0.0	0.0	0.0	0.04632533194544702	0.045021904826053664	0.04360828598925514	0.042078932381256366	0.04042825031479307	0.03865061830524394	0.03674041219399939	0.03469203256291963	0.03249993441992826	0.030158659109999993	0.02766286837819249	0.02500738048216828	0.022187208221124695	0.01919759871648525	0.016034074747466993	0.012692477412075213	0.009169009851592231	0.00546028174465977	0.0015633542460162689	0.0	0.0	0.0	0.0	0.0	0.0	0.0	0.0	0.0	0.0	0.0	0.0	0.0	0.0	0.0	0.0	0.0	0.0	0.0	0.0	0.0	0.0	0.0	0.0	0.0	0.0	0.0	0.0	0.0	0.0	0.0	0.0	0.0	0.0	0.0	0.0	0.0	0.0	0.0	0.0	0.0	0.0	0.0	0.050328986026971854	0.05038150816076703	0.0504333975821515	0.050484656854037524	0.050535288167304654	0.050585293398437786	0.05063467415471578	0.050683431807993465	0.05073156751813402	0.05077908224712991	0.050825976764896086	0.05087225164764801	0.05091790726965607	0.050962943789020734	0.05100736112791195	0.05105115894746353	0.051094336617170104	0.051136893178191534	0.05117882729929121	0.051220137223566664	0.05126082070270673	0.05130087491421837	0.05134029635503125	0.05137908070193936	0.051417222625698374	0.051454715540326885	0.051491551262237596	0.05152771954446959	0.05156320743883311	0.051597998422349384	0.05163207120280409	0.05166539809028357	0.05169794278564139	0.05172965739123913	0.05176047839208721	0.05179032128472593	0.05181907344490966	0.05184658472181931	0.05187265512513821	0.05189701883195965	0.05191932358476109	0.051939104383385074	0.051955750199645837	0.05196846227282181	0.05197620239160888	0.05197762945066123	0.05197102250840773	0.05195418858997879	0.05192435359654013	0.05187803491728743	0.051810894627549724	0.051717572555741054	0.05159149938225492	0.051424689872799224	0.05120751456024764	0.050928451031805766	0.050573816573881054	0.05012747522785592	0.049570513975359894	0.048880876365292245	0.04803293493801349	0.04699697494939461	0.04573855133900201	0.04421766908359771	0.04238772468620038	0.04019413426022347	0.03757256185596017	0.034446649815271985	0.030725138706845005	0.02629824236721927	0.02103310327587755	0.014768076183494466	0.007305440609967125	0.0	0.0	0.0	0.0	0.0	0.0	0.0	0.0	0.0	0.0	0.0	0.0	0.0	0.0	0.0	0.0	0.0	0.0	0.0	0.0	0.0	0.0	0.0	0.0	0.0	0.0	0.0	0.0	0.0	0.0	0.0	0.0	0.0	0.0	0.0	0.0	0.0	0.0	0.0	0.0	0.0	0.0	0.0	0.0	0.0	0.0	0.0	0.0	0.0	0.0	0.0	0.0	0.0	0.0	0.0	0.0	0.0	0.0	0.0	0.0	0.0	0.0	0.0	0.0	0.0	0.0	0.0	0.0	0.0	0.0	0.0	0.0	0.0	0.0	0.0	0.0	0.0	0.0	0.0	0.0	0.0	0.0	0.0	0.0	0.0	0.0	0.0	0.0	0.0	0.0	0.0	0.0	0.0	0.0	0.0	0.0	0.0	0.0	0.0	0.0	0.0	0.0	0.0	0.0	0.0	0.0	0.0	0.0	0.0	0.0	0.0	0.0	0.0	0.0	0.0	0.0	0.0	0.0	0.0	0.0	0.0	0.0	0.0	0.0	0.0
2.0009093454814846e-14	2.322325960008899e-14	2.6945467434951088e-14	3.125764336179553e-14	3.626328543152956e-14	4.206460611090322e-14	4.880261711145983e-14	5.661236450503246e-14	6.565980306587895e-14	7.616586748927751e-14	8.835315831800658e-14	1.0247254840010166e-13	1.1885619383275788e-13	1.378810819397035e-13	1.6083149778490119e-13	1.882004795914516e-13	2.1877468736092359e-13	2.532017571815521e-13	2.940335263379038e-13	3.412585365561128e-13	3.9678160008158883e-13	4.608996115325948e-13	5.350330001155811e-13	6.198092190554029e-13	7.189083708081055e-13	8.344570996543673e-13	9.671941092138138e-13	1.1217684361774914e-12	1.3024342636039018e-12	1.5103958784729947e-12	1.7528545421826256e-12	2.0350072810272276e-12	2.35850944295799e-12	2.736616768016849e-12	3.1748331852216885e-12	3.681733461172798e-12	4.270972145984542e-12	4.954428642554047e-12	5.747778362465804e-12	6.668149953916141e-12	7.735477231818784e-12	8.972852341414138e-12	1.0408776228017816e-11	1.2074333352264076e-11	1.4003767014233434e-11	1.6245962612370558e-11	1.8844060259694918e-11	2.185870803647685e-11	2.5355951477100855e-11	2.94131594064018e-11	3.41188582626863e-11	3.957648058262877e-11	4.590823749899558e-11	5.3250689575554384e-11	6.176652817066986e-11	7.164181923440521e-11	8.309522649567578e-11	9.637634468439738e-11	1.1177542474108879e-10	1.2963026126776613e-10	1.50328714597923e-10	1.7432201671871666e-10	2.0213037818204446e-10	2.3435443283821577e-10	2.716917210244668e-10	3.1494424089039656e-10	3.650352641234175e-10	4.2303437180625626e-10	4.901754654611291e-10	5.678740948844037e-10	6.577648558379207e-10	7.617229955714274e-10	8.819088672501182e-10	1.020803722916166e-9	1.181249921566302e-9	1.3665112924476357e-9	1.5803286267063636e-9	1.8269845233970882e-9	2.1113774745384095e-9	2.439108123431821e-9	2.8165741870010403e-9	3.2510720305825942e-9	3.750927465640202e-9	4.325619810391803e-9	4.985945799726235e-9	5.744180403144507e-9	6.614274204329724e-9	7.612065671606825e-9	8.755526838214977e-9	1.006502920046417e-8	1.1563644782608223e-8	1.3277488192104651e-8	1.5236091348492526e-8	1.747281491538158e-8	2.0025333186096533e-8	2.2936147828588886e-8	2.625316805287221e-8	3.003036521718584e-8	3.432848741878671e-8	3.921586014987654e-8	4.476928040234982e-8	5.107500002032776e-8	5.8229823087911345e-8	6.63423186525058e-8	7.553416240145075e-8	8.594163517193005e-8	9.771725912574755e-8	1.1103162520567395e-7	1.2607540837075653e-7	1.4306159004607122e-7	1.6222791209094726e-7	1.8383958547156274e-7	2.0819228023518322e-7	2.3561541390245339e-7	2.664757812906471e-7	3.011815391678855e-7	3.401865995548357e-7	3.839954622641107e-7	4.331685208360883e-7	4.883278883941696e-7	5.501638070052641e-7	6.19441663792075e-7	6.970097019776616e-7	7.838074681475319e-7	8.808750665418884e-7	9.89363301497975e-7	1.1105447753948689e-6	1.2458260340483834e-6	1.3967608463646949e-6	1.5650647301451135e-6	1.7526308194441738e-6	1.9615471948233123e-6	2.19411580417818e-6	2.4528731071366783e-6	2.7406125956458606e-6	3.060409348660044e-6	3.415646783841181e-6	3.8100458052920574e-6	4.247696539742271e-6	4.733092872975388e-6	5.271170023357983e-6	5.867345397500856e-6	6.527563000663012e-6	7.258341688036719e-6	8.066827558038386e-6	8.960850835578732e-6	9.948987585275928e-6	1.104062664865782e-5	1.2246042215858988e-5	1.357647244410769e-5	1.5044204640625536e-5	1.666266746444088e-5	1.8446530714272458e-5	2.041181325693254e-5	2.257599971706501e-5	2.495816658273339e-5	2.757911840846473e-5	3.046153487067412e-5	3.363012944270769e-5	3.7111820544868845e-5	4.0935916046598236e-5	4.513431205665437e-5	4.974170702661084e-5	5.47958321770394e-5	6.033769944487459e-5	6.641186805697367e-5	7.306673106374678e-5	8.035482313060321e-5	8.833315101330886e-5	9.706354824584133e-5	0.0001066130556240873	0.00011705432922039642	0.00012846607775208498	0.00014093353130833033	0.00015454894355463987	0.00016941212976508322	0.00018563104324793438	0.00020332239299951328	0.00022351796613376718	0.00024572894275355644	0.0002700659096948359	0.0002967253859927183	0.0003259214949478998	0.00035788750467466803	0.00039287749594827623	0.00043116817202525526	0.0004730608221411909	0.0005188834512749481	0.0005689930896983118	0.0006237782968019795	0.000683661874697128	0.0007491038081282592	0.0008206044482859442	0.0008987079591619442	0.0009840060461231183	0.0010771419873672613	0.0011788149898287446	0.0012897848918798594	0.001410877235768992	0.0015429887330789176	0.001687093146490169	0.0018442476106882034	0.002015599414226749	0.0022023932623925816	0.002405979038414614	0.002627820076487764	0.0028695019547598337	0.0031327418093240623	0.003419398160977923	0.003731481234590032	0.004071163735826097	0.004440792031107585	0.004842897653312745	0.005280209027094435	0.005755663272916162	0.006272417907059205	0.00683386100786039	0.0074434077330240616	0.008104518981437017	0.008820886674833618	0.009596379209658359	0.010434946272205198	0.011340780431656568	0.012599849886265444	0.014025977742984138	0.015615378302337819	0.01738525235563283	0.019354106443608358	0.02154175391721503	0.02396810560353065	0.02665372386376518	0.029621211256712635	0.03289389286630069	0.0364955341502357	0.04044997262125246	0.044776836634654066	0.04948875891930424	0.05460386587695996	0.060138065343282664	0.06610518495870048	0.07251496269982718	0.07937304994171321	0.0866781187655416	0.09440860435495918	0.10214422349784237	0.10982208572495078	0.11743705504582147	0.12495447586117693	0.13237945024821388	0.1397135915963397	0.1469626179286959	0.15411534644029848	0.16111170780163112	0.1678813808637358	0.17434856334098678	0.18043895231695395	0.18633498979934965	0.19206326271690474	0.19756768834465357	0.20278734621020528	0.20766648041795754	0.21260035219159085	0.21765379102474366	0.22281304536284144	0.22806207076567497	0.23338231596997852	0.23875428193585255	0.24427750766850587	0.2500297013997048	0.25600732608633686	0.26220481496840803	0.2686143531419909	0.2752256554464545	0.28202574203956765	0.28899871172439096	0.2961255109353639	0.3033645095478936	0.31066110068194386	0.31791252939878495	0.3250731131224837	0.33245225955687285	0.34025741720622293	0.3485050697122403	0.35721143491058854	0.3663923251075651	0.37606299009863287	0.3862379414129425	0.3969307568182278	0.4081539450350094	0.419918376860201	0.43223354262116215	0.44510683656881367	0.4585434745548093	0.47254605074231104	0.4871142012286222	0.502244204395054	0.5179285927685614	0.5341556289110118	0.5509089069602445	0.5681718844307783	0.5859078794037719	0.6040870885335791	0.6226699613216143	0.641620191489062	0.6608585361048313	0.6812781834392889	0.7009009653150506	0.7206008779351357	0.7402844719114038	0.7598392691541387	0.7791565329949681	0.7981005549453618	0.8020945716682251	0.8198963533669922	0.8361204134560959	0.8521505040079069	0.866517940703897	0.8800026230251121	0.8921376722673918	0.9026675859344693	0.9121108683569638	0.9191541307975273	0.9268132983358396	0.9361937541999517	0.9478815630121531	0.963449099493261	0.8544640956090404	0.8792115095936138	0.9695203742977804	0.9981289432513575	0.9981134588426499	0.9509120512771665	0.998983287465938	0.99793273608827	0.9991170443248587	0.9639355279799596	0.9992215161739525	1.0	0.9917409573318501	0.9968383728252685	0.9974822987723486	1.0	0.9967619975112577	0.9978911761947523	0.9990089703011235	0.9978386667805109	1.0	0.9976316819787665	1.0	0.9969747265541924	0.9987985902425398	1.0	0.9904279332880347	0.9997168083992912	1.0	1.0	0.977658293816849	0.9826377082363758	0.9880682175628656	0.993879832312357	0.9999754241923706	1.0	1.0	1.0	1.0	1.0	1.0	1.0	1.0	1.0	1.0	1.0	1.0	1.0	1.0	1.0	1.0	1.0	1.0	1.0	1.0	1.0	1.0	1.0	1.0	1.0	1.0	1.0	1.0	1.0	1.0	1.0	1.0	1.0	1.0	1.0	1.0	1.0	1.0	1.0	1.0
0.0	0.0	0.0	0.0	0.0	0.0	0.0	0.0	0.0	0.0	0.0	0.0	0.0	0.0	0.0	0.0	0.0	0.0	0.0	0.0	0.0	0.0	0.0	0.0	0.0	0.0	0.0	0.0	0.0	0.0	0.0	0.0	0.0	0.0	0.0	0.0	0.0	0.0	0.0	0.0	0.0	0.0	0.0	0.0	0.0	0.0	0.0	0.0	0.0	0.0	0.0	0.0	0.0	0.0	0.0	0.0	0.0	0.0	0.0	0.0	0.0	0.0	0.0	0.0	0.0	0.0	0.0	0.0	0.0	0.0	0.0	0.0	0.0	0.0	0.0	0.0	0.0	0.0	0.0	0.0	0.0	0.0	0.0	0.0	0.0	0.0	0.0	0.0	0.0	0.0	0.0	0.0	0.0	0.0	0.0	0.0	0.0	0.0	0.0	0.0	0.0	0.0	0.0	0.0	0.0	0.0	0.0	0.0	0.0	0.0	0.0	0.0	0.0	0.0	0.0	0.0	0.0	0.0	0.0	0.0	0.0	0.0	0.0	0.0	0.0	0.0	0.0	0.0	0.0	0.0	0.0	0.0	0.0	0.0	0.0	0.0	0.0	0.0	0.0	0.0	0.0	0.0	0.0	0.0	0.0	0.0	0.0	0.0	0.0	0.0	0.0	0.0	0.0	0.0	0.0	0.0	0.0	0.0	0.0	0.0	0.0	0.0	0.0	0.0	0.0	0.0	0.0	0.0	0.0	0.0	0.0	0.0	0.0	0.0	0.0	0.0	0.0	0.0	0.0	0.0	0.0	0.0	0.0	0.0	0.0	0.0	0.0	0.0	0.0	0.0	0.0	0.0	0.0	0.0	0.0	0.0	0.0	0.0	0.0	0.0	0.0	0.0	0.0	0.0	0.0	0.0	0.0	0.0	0.0	0.0	0.0	0.0	0.0	0.0	0.0	0.0	0.0	0.0	0.0	0.0	0.0	0.0	0.0	0.0	0.0	0.0	0.0	0.0	0.0	0.0	0.0	0.0	0.0	0.0	0.0	0.0	0.0	0.0	0.0	0.0	0.0	0.0	0.0	0.0	0.0	0.0	0.0	0.0	0.0	0.0	0.0	0.0	0.0	0.0	0.0	0.0	0.0	0.0	0.0	0.0	0.0	0.0	0.0	0.0	0.0	0.0	0.0	0.0	0.0	0.0	0.0	0.0	0.0	0.0	0.0	0.0	0.0	0.0	0.0	0.0	0.0	0.0	0.0	0.0	0.0	0.0	0.0	0.0	0.0	0.0	0.0	0.0	0.0	0.0	0.0	0.0	0.0	0.0	0.0	0.0	0.0	0.0	0.0	0.0	0.0	0.0	0.0	0.0	0.0	0.0	0.0	0.0	0.0	0.0	0.0	0.0	0.0	0.0	0.0	0.0	0.0	0.0	0.0	0.0	0.0	0.0	0.0	0.0	0.0	0.0	0.0	0.0	0.0	0.0	0.0	0.0	0.0	0.0	0.0	0.0	0.0	0.0	0.0	0.0	0.0	0.0	0.0	0.0	0.0	0.0	0.0	0.0	0.0	0.0	0.0	0.0	0.0	0.0	0.0	0.0	0.0	0.0	0.0	0.0	0.0	0.0	0.0	0.0	0.0	0.0	0.0	0.0	0.0	0.0	0.0	0.0	0.0	0.0	0.0	0.0	0.0	0.0	0.0	0.0	0.0	0.0	0.0	0.0	0.0	0.0	0.0	0.0	0.0	0.0	0.0	0.0	0.0	0.0	0.0	0.0	0.0
0.34035793795321223	0.3403579379532123	0.3403579379532123	0.3403579379532123	0.34035793795321223	0.34035793795321223	0.34035793795321223	0.34035793795321223	0.34035793795321223	0.34035793795321223	0.34035793795321223	0.34035793795321223	0.34035793795321223	0.34035793795321223	0.34035793795321223	0.34035793795321223	0.34035793795321223	0.3403579379532122	0.3403579379532122	0.34035793795321223	0.34035793795321223	0.34035793795321223	0.3403579379532123	0.34035793795321223	0.34035793795321223	0.3403579379532123	0.34035793795321234	0.3403579379532123	0.3403579379532123	0.34035793795321223	0.34035793795321223	0.34035793795321223	0.34035793795321223	0.34035793795321223	0.34035793795321223	0.34035793795321223	0.34035793795321223	0.3403579379532123	0.34035793795321234	0.34035793795321234	0.34035793795321234	0.3403579379532123	0.3403579379532123	0.3403579379532123	0.34035793795321234	0.34035793795321234	0.3403579379532123	0.3403579379532123	0.3403579379532123	0.34035793795321234	0.34035793795321234	0.3403579379532124	0.3403579379532124	0.3403579379532124	0.3403579379532124	0.3403579379532124	0.3403579379532124	0.3403579379532124	0.34035793795321245	0.34035793795321245	0.34035793795321245	0.34035793795321245	0.34035793795321245	0.34035793795321245	0.34035793795321245	0.3403579379532124	0.3403579379532124	0.3403579379532124	0.3403579379532124	0.3403579379532124	0.3403579379532124	0.3403579379532124	0.3403579379532124	0.3403579379532124	0.3403579379532124	0.3403579379532124	0.3403579379532124	0.3403579379532124	0.3403579379532124	0.34035793795321245	0.34035793795321245	0.34035793795321245	0.34035793795321245	0.34035793795321245	0.34035793795321245	0.34035793795321245	0.34035793795321245	0.34035793795321245	0.34035793795321245	0.34035793795321245	0.34035793795321245	0.34035793795321245	0.34035793795321245	0.34035793795321245	0.34035793795321245	0.34035793795321245	0.34035793795321245	0.34035793795321245	0.34035793795321245	0.34035793795321245	0.34035793795321245	0.34035793795321245	0.3403579379532125	0.3403579379532125	0.34035793795321256	0.34035793795321256	0.34035793795321245	0.34035793795321245	0.3403579379532124	0.3403579379532124	0.34035793795321245	0.34035793795321245	0.34035793795321245	0.34035793795321245	0.34035793795321245	0.3403579379532125	0.3403579379532125	0.34035793795321256	0.34035793795321256	0.34035793795321256	0.34035793795321256	0.3403579379532125	0.34035793795321245	0.34035793795321245	0.34035793795321245	0.3403579379532124	0.3403579379532124	0.3403579379532124	0.34035793795321245	0.34035793795321245	0.34035793795321245	0.34035793795321245	0.34035793795321245	0.34035793795321245	0.3403579379532125	0.3403579379532125	0.3403579379532125	0.34035793795321256	0.3403579379532125	0.34035793795321245	0.34035793795321245	0.34035793795321245	0.34035793795321245	0.34035793795321245	0.34035793795321223	0.34035793795321223	0.3403579379532121	0.340357937953212	0.34035793795321184	0.3403579379532117	0.3403579379532114	0.3403579379532109	0.3403579379532103	0.3403579379532099	0.34035793795320907	0.3403579379532077	0.3403579379532053	0.340357937953204	0.34035793795320135	0.3403579379531939	0.34035793795318553	0.340357937953181	0.340357937953175	0.34035793795316344	0.34035793795313496	0.3403579379531192	0.34035793795309993	0.3403579379530719	0.3403579379530311	0.3403579379529804	0.3403579379529259	0.3403579379528453	0.3403579379527453	0.34035793795262237	0.34035793795247155	0.3403579379522791	0.34035793795203406	0.3403579379517247	0.34035793795133734	0.34035793795084845	0.34035793795023295	0.340357937949461	0.3403579379484895	0.34035793794726815	0.3403579379457349	0.3403579379438091	0.34035793794139363	0.34035793793836355	0.3403579379345638	0.3403579379298023	0.34035793792383806	0.3403579379163699	0.34035793790702473	0.34035793789533436	0.3403579378807186	0.34035793786245383	0.34035793783964136	0.34035793781116225	0.340357937775629	0.340357937731315	0.3403579376760807	0.34035793760727173	0.34035793752159965	0.3403579374149874	0.34035793728239416	0.3403579371175784	0.3403579369128276	0.34035793665861397	0.34035793634317196	0.3403579359519887	0.34035793546717097	0.34035793486667243	0.34035793412335	0.34035793320381746	0.340357932067022	0.34035793066253833	0.3403579289284685	0.34035792678888677	0.34035792415074007	0.34035792090006795	0.3403579168974212	0.3403579119722972	0.34035790591639686	0.340357898475459	0.3403578893393827	0.3403578781302926	0.34035786438812454	0.3403578475532531	0.34035782694555683	0.340357801739238	0.3403577709325454	0.3403577333114456	0.3403576874060459	0.34035763143841524	0.3403575632601639	0.3403574802778756	0.34035737936413285	0.3403572567514995	0.3403571079063462	0.3403569273789146	0.3403567086253635	0.3403564437968822	0.3403561234901151	0.3403557364522605	0.3403552692330985	0.3403547057750719	0.3403540269311029	0.3403532098983733	0.34035222755446226	0.340351047680357	0.3403496320526059	0.34034793538446845	0.3403459040931855	0.34034347486747824	0.34034057300611276	0.3403371104946998	0.34033298378401455	0.34032807122882275	0.34032223014165414	0.3403152934110951	0.3403070656290449	0.34029731866599755	0.3402857866278895	0.3402721601224197	0.3402560797570864	0.3402371287856884	0.34021482481473375	0.3401886104763929	0.3401578429704235	0.34012178237416224	0.34007957861751065	0.34003025701910655	0.3399727022809193	0.3399056408417128	0.33982762149555024	0.3397369941901934	0.3396318869322676	0.3395101807418477	0.33936948261904804	0.33920709650958636	0.33901999228546165	0.3388047727910367	0.3385576390439147	0.3382743537242096	0.3379502031346534	0.3375799578672275	0.33715783246891506	0.336677444458984	0.3361317731117004	0.3355131184804597	0.33481306120037974	0.3340224236649948	0.33313123322727484	0.3321286881243881	0.331003126868579	0.3297420018828849	0.32833185819127264	0.32675831800065247	0.32500607204256926	0.32305887858404575	0.3208995710847264	0.3185100755933521	0.3158714391746756	0.3129638709887902	0.3097667981841439	0.30625893962600476	0.30241770620427194	0.2982191303633192	0.29363831236927085	0.2886494225371652	0.28322569939874787	0.2773394417925125	0.27096199290582607	0.264063714568022	0.2566139507163726	0.24858098015136829	0.2399319608102977	0.23063287137407923	0.22064846197740345	0.20994223557286187	0.19847649749507487	0.18621253693830125	0.17311104702781918	0.1591329611586573	0.14424100155267713	0.12840243500627435	0.11159386947167094	0.09380950850024533	0.0750752984187953	0.05501416858223334	0.03311456887221173	0.008711714366023957	0.0	0.0	0.0	0.0	0.0	0.0	0.0	0.0	0.0	0.0	0.0	0.0	0.0	0.0	0.0	0.0	0.0	0.0	0.0	0.0	0.0	0.0	0.0	0.0	0.0	0.0	0.0	0.0	0.0	0.0	0.0	0.0	0.0	0.0	0.0	0.0	0.0	0.0	0.0	0.0	0.0	0.0	0.0	0.0	0.0	0.0	0.0	0.0	0.0	0.0	0.0	0.0	0.0	0.0	0.0	0.0	0.0	0.0	0.0	0.0	0.0	0.0	0.0	0.0	0.0	0.0	0.0	0.0	0.0
5.442580386220873e-20	5.442580386220875e-20	5.44258038622088e-20	5.442580386220893e-20	5.442580386220915e-20	5.442580386220952e-20	5.442580386221014e-20	5.442580386221104e-20	5.442580386221236e-20	5.442580386221441e-20	5.442580386221718e-20	5.442580386222125e-20	5.44258038622335e-20	5.442580386225234e-20	5.442580386228058e-20	5.442580386232274e-20	5.442580386238482e-20	5.442580386247602e-20	5.44258038626096e-20	5.442580386280521e-20	5.442580386309232e-20	5.44258038635151e-20	5.442580386414015e-20	5.442580386506918e-20	5.442580386645714e-20	5.442580386854139e-20	5.442580387141269e-20	5.442580387533723e-20	5.442580388069877e-20	5.442580388801857e-20	5.442580389800565e-20	5.44258039116233e-20	5.442580393018027e-20	5.442580395545284e-20	5.442580398984712e-20	5.442580403661362e-20	5.442580410012541e-20	5.442580418623404e-20	5.442580430271102e-20	5.442580445977621e-20	5.442580467069613e-20	5.44258049523978e-20	5.442580532847198e-20	5.442580583023213e-20	5.442580649923647e-20	5.442580739068456e-20	5.442580857776604e-20	5.442581015735791e-20	5.442581225746923e-20	5.442581504694517e-20	5.442581874809788e-20	5.442582365312777e-20	5.442583014548069e-20	5.442583872767469e-20	5.442585005770085e-20	5.442586499696053e-20	5.442588467401958e-20	5.442591057051753e-20	5.442594462320783e-20	5.442598936194002e-20	5.44260480874948e-20	5.442612510227052e-20	5.442622600873445e-20	5.442635809542186e-20	5.442653083606431e-20	5.442675653494183e-20	5.442705116126286e-20	5.442743542787258e-20	5.442793618548728e-20	5.442858822353711e-20	5.442943659290463e-20	5.443053959398476e-20	5.443197260378773e-20	5.443383301877145e-20	5.443624661190287e-20	5.443937570987892e-20	5.444342970683754e-20	5.444867857818407e-20	5.445547024490809e-20	5.44642528771066e-20	5.447560352944809e-20	5.449026488918408e-20	5.450919241331378e-20	5.453361476924875e-20	5.456511132179867e-20	5.460571150348317e-20	5.465802218043557e-20	5.472539085894635e-20	5.481211477272551e-20	5.492370868324755e-20	5.506724780061203e-20	5.525180679719447e-20	5.548902172025267e-20	5.579380906713675e-20	5.61852858196703e-20	5.668794641295933e-20	5.733316814459848e-20	5.816113625727841e-20	5.92233052212353e-20	6.058554498230517e-20	6.233216205042312e-20	6.457103774504782e-20	6.744019278036292e-20	7.111617261841942e-20	7.582475666241973e-20	8.185463278268717e-20	8.957485497232901e-20	9.94571264558401e-20	1.1210423659131766e-19	1.282863439987297e-19	1.4898726175604596e-19	1.7546349020149115e-19	2.0931949307703757e-19	2.5260366689657733e-19	3.079306666676182e-19	3.786372934245088e-19	4.689811092461179e-19	5.843934361467993e-19	7.318015590681339e-19	9.200389710280047e-19	1.1603675994348675e-18	1.4671424268341507e-18	1.858657134357393e-18	2.358219816977579e-18	2.9955210348304493e-18	3.80837321872703e-18	4.844921681779467e-18	6.166454392483149e-18	7.850971741041824e-18	9.997720679199278e-18	1.2732952232248789e-17	1.621723049697968e-17	2.0654708670183254e-17	2.63048982160091e-17	3.349759705037197e-17	4.265181925133947e-17	5.4299791939619716e-17	6.911736675754053e-17	8.79625490962888e-17	1.1192429711681024e-16	1.4238430887589347e-16	1.8109522992641744e-16	2.302796138398538e-16	2.9275510222340835e-16	3.7209271927235515e-16	4.728169743873447e-16	6.006587298312074e-16	7.628746378365228e-16	9.686505321911613e-16	1.2296106600091322e-15	1.560460294132888e-15	1.979796368245185e-15	2.511129691579159e-15	3.1841734860314932e-15	4.036467017704103e-15	5.115420682034651e-15	6.4808909387120025e-15	8.208421092297501e-15	1.0393318464359806e-14	1.3155781731983589e-14	1.664734626908812e-14	2.1058982901416404e-14	2.6631269907603762e-14	3.3667163512705e-14	4.254802367741448e-14	5.3753716081353046e-14	6.788781576848571e-14	8.570919280907404e-14	1.0817157773319754e-13	1.364730995128167e-13	1.7211828021029839e-13	2.1699558119735966e-13	2.7347435466290035e-13	3.445259962747211e-13	4.338752639109862e-13	5.46189177070947e-13	6.873127081380943e-13	8.645627016590616e-13	1.0870942115747298e-12	1.3663568522895241e-12	1.7166629691877338e-12	2.1558946337974352e-12	2.706382886518613e-12	3.3960005654027593e-12	4.259519815414766e-12	5.340297387957621e-12	6.6923656273760525e-12	8.383025225143553e-12	1.0496058166572905e-11	1.3135706729306312e-11	1.643159805016961e-11	2.0544835035077005e-11	2.5675524920049902e-11	3.2072078632974873e-11	4.004268972091524e-11	4.9969493983419464e-11	6.23260237027869e-11	7.769870785678105e-11	9.681333721307948e-11	1.205676170997955e-10	1.5007117858592581e-10	1.8669472000906953e-10	2.3213031633293984e-10	2.884653769975986e-10	3.5827326967236486e-10	4.4472427670207735e-10	5.51721335839918e-10	6.840659642811824e-10	8.476609074630744e-10	1.0497574301424482e-9	1.2992568227273169e-9	1.6070776850718176e-9	1.9866029373167097e-9	2.454223368969464e-9	3.029997963085993e-9	3.7384553279524956e-9	4.609565458498466e-9	5.679916879837924e-9	6.994141166894532e-9	8.606635086975489e-9	1.0583640409659001e-8	1.3005753041910477e-8	1.5970946891155367e-8	1.959821410025452e-8	2.4031942457865864e-8	2.944717335177652e-8	3.6055910160291476e-8	4.411467810808281e-8	5.3933573079723374e-8	6.588707951972127e-8	8.042698729799622e-8	9.809779535395181e-8	1.1955505725553423e-7	1.4558720187380195e-7	1.7714145268859767e-7	2.1535457348562177e-7	2.6158928823609975e-7	3.1747736080892193e-7	3.849704780828368e-7	4.664002604244955e-7	5.645489289845736e-7	6.827323926224202e-7	8.248977814407635e-7	9.957377519669346e-7	1.200824224117053e-6	1.4467645854226593e-6	1.7413838167502013e-6	2.0939364589451497e-6	2.515352854292895e-6	3.0185246628470248e-6	3.6186352734353516e-6	4.333541403689251e-6	5.184212912965061e-6	6.195238635526098e-6	7.3954068762878255e-6	8.818370093387522e-6	1.0503404214161858e-5	1.2496273984479893e-5	1.485021672335872e-5	1.7627057829385583e-5	2.0898472342642188e-5	2.4747407781010475e-5	2.9269684313412085e-5	3.457578906980476e-5	4.079288197807019e-5	4.806703091483768e-5	5.6565694108468515e-5	6.648046757981155e-5	7.803011488663034e-5	9.14638954830068e-5	0.00010706520654451687	0.00012515555107088245	0.00014609884238809238	0.00017030605176294664	0.0001982402016526853	0.0002304217020896733	0.0002674340218102643	0.0003099296789628492	0.00035863652858357753	0.00041436431555226245	0.0004780114525156422	0.0005505719724133147	0.0006331425949322717	0.0007269298356662785	0.0008332570762314778	0.0009535715033967717	0.001089450815767355	0.0012426095880677277	0.0014149051759517661	0.0016083430388177538	0.001825081354519509	0.002067434798158244	0.0023378773570554632	0.002639044054876032	0.002973731458426734	0.0033448968387851073	0.0037556558507990615	0.0042092785766200515	0.004709183742358471	0.005258930851289086	0.005862209866416296	0.006522827896511465	0.007244692059177189	0.008031787262498851	0.010228724756721048	0.013735716813455126	0.01757593043767431	0.021773309109232464	0.026352725264454736	0.03133997771261706	0.036761793069962	0.04264583321761881	0.04902071073624479	0.055916013993971045	0.06336234293140092	0.07139135537985652	0.08003582161903826	0.08932968127102833	0.09930809064124824	0.11000743879404183	0.12146529459726933	0.13372022072191958	0.14681134750117297	0.16077752839377069	0.1756557802734495	0.19147851237419528	0.2082687084786829	0.2730187751164018	0.3497475566989794	0.4351642898193703	0.5303492493101484	0.6365073358260951	0.7550391884062375	0.8876712461047109	1.0	1.0	1.0	1.0	1.0	1.0	1.0	1.0	1.0	1.0	1.0	1.0	1.0	1.0	1.0	1.0	1.0	1.0	1.0	1.0	1.0	1.0	1.0	1.0	1.0	1.0	1.0	1.0	1.0	1.0	1.0	1.0	1.0	1.0	1.0	1.0	1.0	1.0	1.0	1.0	1.0	1.0	1.0	1.0	1.0	1.0	1.0	1.0	1.0	1.0	1.0	1.0	1.0	1.0	1.0	1.0	1.0	1.0	1.0	1.0	1.0	1.0	1.0	1.0	1.0	1.0	1.0
