-1.099490309636549e-33	-1.2754087591783972e-33	-1.479474160646941e-33	-1.7161900263504516e-33	-1.9907804305665242e-33	-2.3093052994571683e-33	-2.6787941473703154e-33	-3.1074012109495666e-33	-3.6045854047014976e-33	-4.181319069453738e-33	-4.850330120566336e-33	-5.626382939856951e-33	-6.526604210234063e-33	-7.570860883871515e-33	-8.782198625290958e-33	-1.0187350405337512e-32	-1.1817326470191515e-32	-1.370809870542216e-32	-1.5901394498289705e-32	-1.8445617618016046e-32	-2.1396916436898312e-32	-2.48204230667987e-32	-2.8791690757461835e-32	-3.339836127851322e-32	-3.8742099082388045e-32	-4.494083493269313e-32	-5.2131368511188e-32	-6.047238743657024e-32	-7.014796931258519e-32	-8.137164407071761e-32	-9.439110621172325e-32	-1.0949368083934685e-31	-1.2701266390937545e-31	-1.4733467620840325e-31	-1.7090819257390445e-31	-1.9825343312496304e-31	-2.2997383212939626e-31	-2.6676933286314384e-31	-3.094517935554979e-31	-3.589628301237296e-31	-4.163944652745932e-31	-4.830129992869938e-31	-5.602865627028197e-31	-6.499168505197201e-31	-7.5387556342600446e-31	-8.744460814841988e-31	-1.014270849693843e-30	-1.176404833026296e-30	-1.3643751565294585e-30	-1.5822466208471615e-30	-1.8346920892818806e-30	-2.1270656710887296e-30	-2.4654750567073196e-30	-2.856847195171753e-30	-3.3089787414739836e-30	-3.830559589555284e-30	-4.431155089420869e-30	-5.121131811208502e-30	-5.911515731689166e-30	-6.813784459127274e-30	-7.839620943341502e-30	-9.000697475410141e-30	-1.0308612487982663e-29	-1.1775156960662711e-29	-1.3413123743342913e-29	-1.523787648671835e-29	-1.7269865451178171e-29	-1.9538236089809458e-29	-2.2085656233411637e-29	-2.4974521977524446e-29	-2.8294817435328675e-29	-3.217411994660828e-29	-3.6790576728947463e-29	-4.239014382850912e-29	-4.9309982331448494e-29	-5.801066353978117e-29	-6.912078214016832e-29	-8.349879843300474e-29	-1.0231856851993903e-28	-1.2718727409174914e-28	-1.603075923816267e-28	-2.0470029207231796e-28	-2.6450945265680553e-28	-3.454207890172285e-28	-4.5523494518213345e-28	-6.0465323291317725e-28	-8.083546877483116e-28	-1.086472637100134e-27	-1.4666191622331198e-27	-1.9866609246821464e-27	-2.6985253548589886e-27	-3.6734197591077546e-27	-5.00898790233058e-27	-6.83912334153929e-27	-9.347425795062054e-27	-1.2785652972889304e-26	-1.749902237103543e-26	-2.3960906017729762e-26	-3.282040526318425e-26	-4.4967587339178053e-26	-6.162294073569297e-26	-8.446004093871669e-26	-1.1577375651946593e-25	-1.5871090363593309e-25	-2.1758653504175206e-25	-2.9831765899963773e-25	-4.090179898860243e-25	-5.608135228479912e-25	-7.689609282660387e-25	-1.0543812111392869e-24	-1.4457511860380874e-24	-1.982399268494153e-24	-2.718252377323832e-24	-3.727254298534962e-24	-5.1107952381592544e-24	-7.007898725801748e-24	-9.609189080728775e-24	-1.3176042280605416e-23	-1.8066843513269853e-23	-2.477298815622586e-23	-3.3968240980050633e-23	-4.6576409093090846e-23	-6.386412195877516e-23	-8.75680309436901e-23	-1.200691937465209e-22	-1.6463214165433685e-22	-2.25732613894865e-22	-3.0950683289112813e-22	-4.243673768394196e-22	-5.818474008443401e-22	-7.97757834966529e-22	-1.0937735347626846e-21	-1.499607310944035e-21	-2.0559896118021334e-21	-2.8187522534741793e-21	-3.864425039329291e-21	-5.2979054048180696e-21	-7.262968463130969e-21	-9.956668677930611e-21	-1.3649073148441736e-20	-1.871029889621813e-20	-2.5647555617995246e-20	-3.515589369564735e-20	-4.8187724170657584e-20	-6.604804884668097e-20	-9.052490072027002e-20	-1.2406800212325418e-19	-1.7003344859638535e-19	-2.330187971271466e-19	-3.193219298660642e-19	-4.3756937050867235e-19	-5.995765698874484e-19	-8.215257181149502e-19	-1.1255781641864527e-18	-1.5420816499374133e-18	-2.1125915593531343e-18	-2.894006078753025e-18	-3.9642255319898296e-18	-5.429897097948381e-18	-7.437012535687698e-18	-1.0185408802236466e-17	-1.394860738573701e-17	-1.9100955835516696e-17	-2.6154756339837148e-17	-3.5811052324417544e-17	-4.9029091994438215e-17	-6.712133015572786e-17	-9.188334774372943e-17	-1.2577150984012296e-16	-1.7214588579454e-16	-2.3560238144311013e-16	-3.22426814509998e-16	-4.412156622975534e-16	-6.037246034769861e-16	-8.260283719762298e-16	-1.130106038188578e-15	-1.546007632829595e-15	-2.1148151322874083e-15	-2.892688832799086e-15	-3.956396706630152e-15	-5.410869911350005e-15	-7.399526497685804e-15	-1.0118377051175795e-14	-1.3835297182650134e-14	-1.8916358911686623e-14	-2.586180590669395e-14	-3.535520440377841e-14	-4.8330595626213375e-14	-6.606424416313785e-14	-9.029999451985896e-14	-1.2342055523092624e-13	-1.6868154436910786e-13	-2.3052682797315547e-13	-3.1500211446862703e-13	-4.3036833905732943e-13	-5.878930832934864e-13	-8.029406260384066e-13	-1.0964550918664208e-12	-1.4969774111460914e-12	-2.0433866728230617e-12	-2.788623787809977e-12	-3.804746257383115e-12	-5.189785455329968e-12	-7.077043288017473e-12	-9.647688483997938e-12	-1.3147814677305361e-11	-1.791153110571842e-11	-2.439221097738903e-11	-3.320477600307367e-11	-4.518292258694498e-11	-6.145659904528398e-11	-8.355696792736857e-11	-1.1355873392814719e-10	-1.5427336668702757e-10	-2.09511791463104e-10	-2.8444210843247443e-10	-3.860776018042668e-10	-5.239437892014444e-10	-7.109920467795492e-10	-9.648535374704303e-10	-1.30956372727895e-9	-1.7779388466947896e-9	-2.4148570626759804e-9	-3.2817970457263026e-9	-4.463126532733343e-9	-6.0748295519903885e-9	-8.27663592388466e-9	-1.1288902494820289e-8	-1.5416137430775124e-8	-2.1079820453269098e-8	-2.8864243035221927e-8	-3.958060033654591e-8	-5.4356690819885107e-8	-7.476257474854677e-8	-1.0298677055557448e-7	-1.4208354217461155e-7	-1.9632028278008303e-7	-2.7166597632864737e-7	-3.7647871517899436e-7	-5.224744223490043e-7	-7.260933779674026e-7	-1.0104303896940909e-6	-1.4079650569603448e-6	-1.9644302305697605e-6	-2.744303788786372e-6	-3.838622641330814e-6	-5.3761306963450436e-6	-7.539233450761473e-6	-1.0586916140499438e-5	-1.4887806220164647e-5	-2.0968104695924707e-5	-2.9581455080020248e-5	-4.181139891062892e-5	-5.9222552911433404e-5	-8.408505186858418e-5	-0.00011970965562192291	-0.0001709507332351477	-0.000244961801654367	-0.00035195961361171704	-0.0005070608578338049	-0.0007325355016718635	-0.001061152902458514	-0.0015411005959303718	-0.0022431232981861946	-0.003270825678442125	-0.004775459058718171	-0.0069770311047492786	-0.010194287650143035	-0.014887076996575764	-0.021715885940047298	-0.03162502690908827	-0.045957909208564386	-0.06661525345162411	-0.09626903215149275	-0.13864528297741466	-0.19888426221992192	-0.28396937284705154	-0.40317152881311563	-0.568353244797208	-0.7935807356239273	-0.7295443758969153	-0.613832033452405	-0.4516289736924729	-0.22670611841490407	0.0	0.0	0.0	0.0	0.0	0.0	0.0	0.0	0.0	0.0	0.0	0.0	0.0	0.0	0.0	0.0	0.0	0.0	0.0	0.0	0.0	0.0	0.0	0.0	0.0	0.0	0.0	0.0	0.0	0.0	0.0	0.0	0.0	0.0	0.0	0.0	0.0	0.0	0.0	0.0	0.0	0.0	0.0	0.0	0.0	0.0	0.0	0.0	0.0	0.0	0.0	0.0	0.0	0.0	0.0	0.0	0.0	0.0	0.0	0.0	0.0	0.0	0.0	0.0	0.0	0.0	0.0	0.0	0.0	0.0	0.0	0.0	0.0	0.0	0.0	0.0	0.0	0.0	0.0	0.0	0.0	0.0	0.0	0.0	0.0	0.0	0.0	0.0	0.0	0.0	0.0	0.0	0.0	0.0	0.0	0.0	0.0	0.0	0.0	0.0	0.0	0.0	0.0	0.0	0.0	0.0	0.0	0.0	0.0	0.0	0.0	0.0	0.0	0.0	0.0	0.0	0.0
-1.0298267475824704e-12	-1.194599027185721e-12	-1.3857348715084345e-12	-1.6074524509018759e-12	-1.8646448429704414e-12	-2.162988017732835e-12	-2.5090661004075267e-12	-2.9105166762436044e-12	-3.376199344124179e-12	-3.9163912387458115e-12	-4.543013836345956e-12	-5.269896049345857e-12	-6.113079416135061e-12	-7.091172121219745e-12	-8.225759658592521e-12	-9.541881201238322e-12	-1.1068582189757156e-11	-1.2839555335160906e-11	-1.4893884182110235e-11	-1.7276905642259337e-11	-2.004121053292247e-11	-2.32478042019093e-11	-2.6967452852311537e-11	-3.1282245279230905e-11	-3.6287404484369766e-11	-4.209338914899394e-11	-4.882833134276842e-11	-5.6640864266634134e-11	-6.570340243619794e-11	-7.621594669839683e-11	-8.841049805953164e-11	-1.0255617761736225e-10	-1.1896516554783404e-10	-1.379995907086144e-10	-1.6007952204945576e-10	-1.8569223853599501e-10	-2.1540298186289032e-10	-2.498674289218088e-10	-2.8984615873329944e-10	-3.3622143224488713e-10	-3.9001665395338833e-10	-4.524189427716829e-10	-5.248053071216212e-10	-6.087729972550044e-10	-7.061746978308457e-10	-8.191593275665843e-10	-9.502193323258013e-10	-1.102245495559914e-9	-1.2785904481335682e-9	-1.4831422411066928e-9	-1.7204095532574907e-9	-1.9956203436523495e-9	-2.3148360324947616e-9	-2.6850836054138494e-9	-3.1145083924454014e-9	-3.612550679006109e-9	-4.19014976866322e-9	-4.859979643748647e-9	-5.636720968042408e-9	-6.537374855042832e-9	-7.581624596070054e-9	-8.792252416209504e-9	-1.0195619315926597e-8	-1.1822217176724313e-8	-1.3707303576947018e-8	-1.589163119727923e-8	-1.842228531546864e-8	-2.1353644719714352e-8	-2.4748483436278692e-8	-2.8679232998694437e-8	-3.3229427616523704e-8	-3.8495357568048167e-8	-4.45879594850489e-8	-5.1634975965429155e-8	-5.978342119281856e-8	-6.920239401957522e-8	-8.008628534571116e-8	-9.265843267376683e-8	-1.0717528151961464e-7	-1.2393112100214994e-7	-1.4326346952202364e-7	-1.6555919608407911e-7	-1.9126147364639046e-7	-2.2087767303211666e-7	-2.549883195769004e-7	-2.9425724998116873e-7	-3.39443123991479e-7	-3.91412464769775e-7	-4.5115442337252733e-7	-5.197974869316999e-7	-5.986283772185469e-7	-6.891134166296701e-7	-7.929226726556571e-7	-9.11957230017342e-7	-1.0483799823791034e-6	-1.2046503834297633e-6	-1.383563650785968e-6	-1.5882949763247847e-6	-1.8224493639838886e-6	-2.0901177916704964e-6	-2.3959404786966493e-6	-2.7451781352361197e-6	-3.1437921769446144e-6	-3.598535007523382e-6	-4.117051606233929e-6	-4.707993807976281e-6	-5.381148832523211e-6	-6.147583809083323e-6	-7.019808255015406e-6	-8.011956705958675e-6	-9.139993961863506e-6	-1.0421945712645679e-5	-1.187815764192241e-5	-1.3531586481192154e-5	-1.5408126903682958e-5	-1.7536978610705007e-5	-1.9951058477302908e-5	-2.268746319145347e-5	-2.5787988444281857e-5	-2.9299711408651364e-5	-3.327564397871104e-5	-3.777546502900799e-5	-4.286634077933043e-5	-4.862384320463421e-5	-5.513297728303368e-5	-6.248932869096751e-5	-7.080034427799866e-5	-8.01867582056469e-5	-9.078417690540094e-5	-0.00010274483584962299	-0.00011623954033038556	-0.00013145980072995427	-0.00014862016977651267	-0.0001679607845277165	-0.00018975010868404812	-0.00021428786049172862	-0.00024190809691326158	-0.00027298240461087417	-0.000307923120967629	-0.00034718647185121677	-0.0003912754646781477	-0.000440742312695795	-0.0004961900859842821	-0.0005578046478859071	-0.0006260521770809641	-0.0007014572503142349	-0.0007845473763259445	-0.0008758427795188546	-0.0009758435061393804	-0.001085013437951518	-0.0012037607745215063	-0.001332416068087221	-0.001471203865588998	-0.0016202126377655702	-0.001779361084284199	-0.0019483590885937398	-0.002126664615317369	-0.002313437487214681	-0.002507491232479531	-0.002707241181750159	-0.00291065779980872	-0.0031152204364972005	-0.003317876016732514	-0.003515005037587837	-0.0037023969565556586	-0.0038752361613697455	-0.004028097990987701	-0.004154951426161301	-0.004249160204473446	-0.0043034684252665845	-0.004312001826153067	-0.004311902397591343	-0.004311774226747323	-0.0043116085689148655	-0.004311393888904809	-0.004311115881276367	-0.004310754013732765	-0.0043102818845979956	-0.004309664614183932	-0.004308856217283407	-0.004307796278870638	-0.004306405188252583	-0.004304577817393915	-0.004302175464303302	-0.004299015426695204	-0.004294848447440088	-0.004289348912077203	-0.004282087623411636	-0.004272499179425493	-0.004259837440234091	-0.004243118186585053	-0.004221043484793536	-0.004191901573599776	-0.00415343347867527	-0.004102677908854921	-0.00403575000364608	-0.003947559486226045	-0.0038314489923604094	-0.0036787284961906108	-0.0034780772889024736	-0.0032147841779033575	-0.0028697912307552877	-0.002418471911721792	-0.0018291024476644701	-0.0010609653298993705	-6.199318623256213e-5	0.001234108249773166	0.0029113395248120365	0.005075562438443744	0.007859376263267798	0.011427610589808505	0.015983279612284865	0.021774032682885417	0.029098528519789914	0.038311783330293996	0.049828256862901155	0.06412069060996524	0.08171208675866168	0.10315664880238665	0.12900441486013214	0.15974242783520046	0.1958543526050783	0.23762469901440855	0.2850974900067563	0.33797614026290107	0.39553193669869857	0.3537574059335384	0.28578820516246267	0.2035188077290558	0.10539947916262832	0.0	0.0	0.0	0.0	0.0	0.0	0.0	0.0	0.0	0.0	0.0	0.0	0.0	0.0	0.0	0.0	0.0	0.0	0.0	0.0	0.0	0.0	0.0	0.0	0.0	0.0	0.0	0.0	0.0	0.0	-0.0032905292833218525	-0.025706207996139874	-0.04610439686989931	-0.06462782144188672	-0.08141443595945663	-0.09659654280755214	-0.11030029371249128	-0.12264540488907816	-0.13374500390669297	-0.14370557136204365	-0.15262695912258106	-0.16060247276237583	-0.16771900752759716	-0.17405722817670188	-0.17969178401288932	-0.1846915513556544	-0.18911989657896244	-0.19303495367160917	-0.19648991104830227	-0.1995333030564761	-0.20220930228349498	-0.20455800937231938	-0.20661573760189933	-0.20841528998350523	-0.20998622706782744	-0.21135512405275758	-0.21254581613078916	-0.21357963132113866	-0.2144756102977463	-0.21525071295353504	-0.21592001163658914	-0.21649687115835636	-0.21699311581042036	-0.21741918373771307	-0.2177876459092376	-0.21810957190383906	-0.21839325474254068	-0.21864486019883467	-0.21886893508452232	-0.21906904597991295	-0.2192652075931112	-0.21945660723946236	-0.21964245860735954	-0.219822182638306	-0.2199963434960166	-0.22016823345536451	-0.22034052037161622	-0.22051586898582176	-0.22069610391583394	-0.220882020069622	-0.22107435885828686	-0.2212738772838767	-0.22148137569960635	-0.2216976729158504	-0.22192350388849746	-0.22215929796987188	-0.22240539342001675	-0.22266204467917605	-0.22292975697484918	-0.2232122906937417	-0.22351319048535334	-0.2238358681784791	-0.22418370348126793	-0.2245601098940213	-0.22496854029681312	-0.22541245831942147	-0.22589527623300132	-0.22642025641689312	-0.22699036163702857	-0.22760800950071625	-0.228274701059052	-0.228990480907711	-0.22975315541611518	-0.23055715651593722	-0.2314258455606799	-0.23238235275674057	-0.23348288761765623	-0.23479338949155437	-0.18486319792804684	-0.1133471526203853	-0.11306728168334579	-0.11267940807948329	-0.11215238078790934	-0.11144633654685265	-0.1105117317033758	-0.10928850794529277	-0.1077053387827206	-0.10567922068278945	-0.10311570796131508	-0.09991008598764872	-0.09594977332626897	-0.09111822162959538	-0.0853005231405185	-0.07839082341172754	-0.0703014596984215	-0.0609734999589967	-0.050388052373439685	-0.038577376117938655	-0.0256344956827379	-0.011719767919860069	0.0	0.0	0.0	0.0	0.0	0.0	0.0	0.0	0.0	0.0	0.0	0.0	0.0	0.0	0.0	0.0	0.0	0.0	0.0	0.0	0.0	0.0	0.0	0.0	0.0	0.0	0.0	0.0	0.0	0.0	0.0	0.0	0.0	0.0	0.0	0.0	0.0	0.0	0.0	0.0	0.0
-8.229091041764463e-8	-8.229091041764461e-8	-8.229091041764461e-8	-8.229091041764461e-8	-8.229091041764461e-8	-8.229091041764461e-8	-8.229091041764461e-8	-8.229091041764461e-8	-8.229091041764461e-8	-8.229091041764461e-8	-8.229091041764461e-8	-8.229091041764461e-8	-8.229091041764461e-8	-8.229091041764461e-8	-8.229091041764461e-8	-8.229091041764461e-8	-8.229091041764461e-8	-8.229091041764461e-8	-8.229091041764461e-8	-8.229091041764461e-8	-8.229091041764461e-8	-8.229091041764461e-8	-8.229091041764461e-8	-8.229091041764461e-8	-8.229091041764461e-8	-8.229091041764461e-8	-8.229091041764461e-8	-8.229091041764461e-8	-8.229091041764461e-8	-8.229091041764461e-8	-8.229091041764461e-8	-8.229091041764461e-8	-8.229091041764461e-8	-8.229091041764461e-8	-8.229091041764461e-8	-8.229091041764461e-8	-8.229091041764461e-8	-8.229091041764461e-8	-8.229091041764461e-8	-8.229091041764461e-8	-8.229091041764461e-8	-8.229091041764461e-8	-8.229091041764461e-8	-8.229091041764461e-8	-8.229091041764461e-8	-8.229091041764461e-8	-8.229091041764461e-8	-8.229091041764461e-8	-8.229091041764461e-8	-8.229091041764465e-8	-8.229091041764465e-8	-8.229091041764465e-8	-8.229091041764465e-8	-8.229091041764465e-8	-8.229091041764465e-8	-8.229091041764465e-8	-8.229091041764465e-8	-8.229091041764465e-8	-8.229091041764465e-8	-8.229091041764463e-8	-8.229091041764461e-8	-8.229091041764461e-8	-8.229091041764461e-8	-8.229091041764461e-8	-8.229091041764461e-8	-8.229091041764461e-8	-8.229091041764461e-8	-8.229091041764461e-8	-8.229091041764461e-8	-8.229091041764461e-8	-8.229091041764461e-8	-8.229091041764461e-8	-8.229091041764461e-8	-8.229091041764461e-8	-8.229091041764461e-8	-8.229091041764461e-8	-8.229091041764461e-8	-8.229091041764461e-8	-8.229091041764461e-8	-8.229091041764461e-8	-8.229091041764461e-8	-8.229091041764461e-8	-8.229091041764461e-8	-8.229091041764461e-8	-8.229091041764461e-8	-8.229091041764461e-8	-8.229091041764461e-8	-8.229091041764461e-8	-8.229091041764461e-8	-8.229091041764461e-8	-8.229091041764461e-8	-8.229091041764461e-8	-8.229091041764461e-8	-8.229091041764461e-8	-8.229091041764461e-8	-8.229091041764461e-8	-8.229091041764461e-8	-8.229091041764461e-8	-8.229091041764461e-8	-8.229091041764461e-8	-8.229091041764461e-8	-8.229091041764461e-8	-8.229091041764461e-8	-8.229091041764461e-8	-8.229091041764461e-8	-8.229091041764461e-8	-8.229091041764461e-8	-8.229091041764461e-8	-8.229091041764461e-8	-8.22909104176446e-8	-8.229091041764461e-8	-8.229091041764461e-8	-8.229091041764461e-8	-8.229091041764461e-8	-8.229091041764461e-8	-8.229091041764461e-8	-8.229091041764461e-8	-8.229091041764461e-8	-8.229091041764461e-8	-8.229091041764461e-8	-8.229091041764461e-8	-8.229091041764461e-8	-8.229091041764461e-8	-8.229091041764461e-8	-8.229091041764461e-8	-8.229091041764461e-8	-8.229091041764461e-8	-8.229091041764461e-8	-8.229091041764461e-8	-8.229091041764461e-8	-8.229091041764461e-8	-8.229091041764461e-8	-8.229091041764461e-8	-8.229091041764461e-8	-8.229091041764461e-8	-8.229091041764461e-8	-8.229091041764461e-8	-8.22909104176446e-8	-8.22909104176446e-8	-8.229091041764461e-8	-8.229091041764461e-8	-8.229091041764461e-8	-8.229091041764461e-8	-8.229091041764461e-8	-8.229091041764461e-8	-8.229091041764461e-8	-8.229091041764461e-8	-8.229091041764461e-8	-8.229091041764461e-8	-8.229091041764461e-8	-8.229091041764461e-8	-8.229091041764461e-8	-8.229091041764461e-8	-8.229091041764461e-8	-8.229091041764461e-8	-8.229091041764461e-8	-8.229091041764461e-8	-8.229091041764461e-8	-8.229091041764461e-8	-8.229091041764461e-8	-8.229091041764461e-8	-8.229091041764461e-8	-8.229091041764461e-8	-8.229091041764461e-8	-8.229091041764461e-8	-8.229091041764461e-8	-8.229091041764461e-8	-8.229091041764461e-8	-8.229091041764461e-8	-8.229091041764461e-8	-8.229091041764461e-8	-8.22909104176446e-8	-8.229091041764457e-8	-8.229091041764457e-8	-8.22909104176446e-8	-8.229091041764461e-8	-8.229091041764465e-8	-8.229091041764468e-8	-8.229091041764475e-8	-8.229091041764486e-8	-8.229091041764506e-8	-8.229091041764537e-8	-8.229091041764587e-8	-8.229091041764664e-8	-8.229091041764786e-8	-8.229091041764973e-8	-8.229091041765273e-8	-8.229091041765738e-8	-8.229091041766464e-8	-8.229091041767585e-8	-8.229091041769315e-8	-8.229091041771977e-8	-8.229091041776048e-8	-8.229091041782256e-8	-8.229091041791672e-8	-8.229091041805894e-8	-8.229091041827274e-8	-8.229091041859242e-8	-8.229091041906771e-8	-8.229091041977002e-8	-8.229091042080067e-8	-8.229091042230131e-8	-8.229091042446642e-8	-8.22909104275565e-8	-8.229091043190833e-8	-8.229091043906815e-8	-8.22909104508326e-8	-8.229091047006109e-8	-8.229091050138524e-8	-8.229091055228808e-8	-8.229091063482823e-8	-8.229091076839496e-8	-8.229091098410053e-8	-8.229091133176597e-8	-8.22909118910047e-8	-8.229091278876587e-8	-8.229091422703642e-8	-8.22909165264766e-8	-8.229092019498085e-8	-8.229092603512288e-8	-8.22909353122352e-8	-8.229095001720259e-8	-8.22909732739525e-8	-8.229100997300222e-8	-8.229106775134755e-8	-8.229115850476154e-8	-8.229130071538305e-8	-8.229152302354369e-8	-8.229186969366078e-8	-8.229240895377746e-8	-8.229324568208363e-8	-8.2294540648065e-8	-8.229653960592553e-8	-8.229961714911843e-8	-8.230434260867106e-8	-8.23115787626477e-8	-8.232262922125339e-8	-8.2339457780986e-8	-8.236501382964513e-8	-8.240371349470117e-8	-8.246214873490807e-8	-8.25501289099623e-8	-8.26822056514143e-8	-8.287989788748525e-8	-8.317492773433966e-8	-8.36139109229808e-8	-8.426513311743842e-8	-8.522830750523602e-8	-8.66485791480195e-8	-8.873655850871293e-8	-9.179688579818733e-8	-9.626882428711931e-8	-1.0278375481915516e-7	-1.1224650482118028e-7	-1.2594996327118968e-7	-1.457358660281756e-7	-1.74220123044123e-7	-2.1510756246279063e-7	-2.736304192448079e-7	-3.571576655908834e-7	-4.760396794396963e-7	-6.447764145076121e-7	-8.836294056132032e-7	-1.2208416496818086e-6	-1.6956887936919315e-6	-2.362665849116181e-6	-3.2972237947830003e-6	-4.603621179638342e-6	-6.425663440423018e-6	-8.961391189821026e-6	-1.2483185068657297e-5	-1.7365337425363943e-5	-2.412199684407519e-5	-3.3459687119934226e-5	-4.635063714796017e-5	-6.413649238956727e-5	-8.867770099210891e-5	0.0	0.0	0.0	0.0	0.0	0.0	0.0	0.0	0.0	0.0	0.0	0.0	0.0	0.0	0.0	0.0	0.0	0.0	0.0	0.0	0.0	0.0	0.0	0.0	0.0	0.0	0.0	0.0	0.0	0.0	0.0	0.0	0.0	0.0	0.0	0.0	0.0	0.0	0.0	0.0	0.0	0.0	0.0	0.0	0.0	0.0	0.0	0.0	0.0	0.0	0.0	0.0	0.0	0.0	0.0	0.0	0.0	0.0	0.0	0.0	0.0	0.0	0.0	0.0	0.0	0.0	0.0	0.0	0.0	0.0	0.0	0.0	0.0	0.0	0.0	0.0	0.0	0.0	0.0	0.0	0.0	0.0	0.0	0.0	0.0	0.0	0.0	0.0	0.0	0.0	0.0	0.0	0.0	0.0	0.0	0.0	0.0	0.0	0.0	0.0	0.0	0.0	0.0	0.0	0.0	0.0	0.0	0.0	0.0	0.0	0.0	0.0	0.0	0.0	0.0	0.0	0.0	0.0	0.0	0.0	0.0	0.0	0.0	0.0
8.229091041764463e-8	0.0	0.0	0.0	8.229091041764461e-8	8.229091041764461e-8	8.229091041764461e-8	8.229091041764461e-8	8.229091041764461e-8	8.229091041764461e-8	8.229091041764461e-8	8.229091041764461e-8	8.229091041764461e-8	8.229091041764461e-8	8.229091041764461e-8	8.229091041764461e-8	8.229091041764461e-8	8.229091041764461e-8	8.229091041764461e-8	8.229091041764461e-8	8.229091041764461e-8	8.229091041764461e-8	8.229091041764461e-8	8.229091041764461e-8	8.229091041764461e-8	8.229091041764461e-8	8.229091041764461e-8	8.229091041764461e-8	8.229091041764461e-8	8.229091041764461e-8	8.229091041764461e-8	8.229091041764461e-8	8.229091041764461e-8	8.229091041764461e-8	8.229091041764461e-8	8.229091041764461e-8	8.229091041764461e-8	8.229091041764461e-8	8.229091041764461e-8	8.229091041764461e-8	8.229091041764461e-8	8.229091041764461e-8	8.229091041764461e-8	8.229091041764461e-8	8.229091041764461e-8	8.229091041764461e-8	8.229091041764461e-8	8.229091041764461e-8	8.229091041764461e-8	8.229091041764465e-8	8.229091041764465e-8	8.229091041764465e-8	8.229091041764465e-8	8.229091041764465e-8	8.229091041764465e-8	8.229091041764465e-8	8.229091041764465e-8	8.229091041764465e-8	8.229091041764465e-8	8.229091041764463e-8	8.229091041764461e-8	8.229091041764461e-8	8.229091041764461e-8	8.229091041764461e-8	8.229091041764461e-8	8.229091041764461e-8	8.229091041764461e-8	8.229091041764461e-8	8.229091041764461e-8	0.0	0.0	8.229091041764461e-8	8.229091041764461e-8	8.229091041764461e-8	8.229091041764461e-8	8.229091041764461e-8	8.229091041764461e-8	8.229091041764461e-8	8.229091041764461e-8	8.229091041764461e-8	8.229091041764461e-8	8.229091041764461e-8	8.229091041764461e-8	8.229091041764461e-8	8.229091041764461e-8	8.229091041764461e-8	8.229091041764461e-8	8.229091041764461e-8	8.229091041764461e-8	8.229091041764461e-8	8.229091041764461e-8	8.229091041764461e-8	8.229091041764461e-8	8.229091041764461e-8	8.229091041764461e-8	8.229091041764461e-8	8.229091041764461e-8	8.229091041764461e-8	8.229091041764461e-8	8.229091041764461e-8	8.229091041764461e-8	8.229091041764461e-8	8.229091041764461e-8	8.229091041764461e-8	8.229091041764461e-8	8.229091041764461e-8	0.0	8.229091041764461e-8	8.229091041764461e-8	8.22909104176446e-8	8.229091041764461e-8	8.229091041764461e-8	8.229091041764461e-8	8.229091041764461e-8	0.0	8.229091041764461e-8	8.229091041764461e-8	8.229091041764461e-8	8.229091041764461e-8	8.229091041764461e-8	8.229091041764461e-8	8.229091041764461e-8	8.229091041764461e-8	8.229091041764461e-8	8.229091041764461e-8	8.229091041764461e-8	0.0	0.0	0.0	0.0	8.229091041764461e-8	8.229091041764461e-8	8.229091041764461e-8	8.229091041764461e-8	8.229091041764461e-8	8.229091041764461e-8	8.229091041764461e-8	8.22909104176446e-8	0.0	0.0	0.0	8.229091041764461e-8	8.229091041764461e-8	8.229091041764461e-8	8.229091041764461e-8	8.229091041764461e-8	8.229091041764461e-8	8.229091041764461e-8	8.229091041764461e-8	8.229091041764461e-8	8.229091041764461e-8	8.229091041764461e-8	8.229091041764461e-8	8.229091041764461e-8	8.229091041764461e-8	8.229091041764461e-8	8.229091041764461e-8	8.229091041764461e-8	8.229091041764461e-8	8.229091041764461e-8	0.0	0.0	0.0	0.0	0.0	0.0	0.0	0.0	0.0	0.0	0.0	0.0	0.0	0.0	0.0	0.0	0.0	0.0	0.0	0.0	0.0	0.0	0.0	0.0	0.0	0.0	0.0	0.0	0.0	0.0	0.0	0.0	0.0	0.0	0.0	0.0	0.0	0.0	0.0	0.0	0.0	0.0	0.0	8.22909104275565e-8	8.229091043190833e-8	8.229091043906815e-8	8.22909104508326e-8	8.229091047006109e-8	8.229091050138524e-8	8.229091055228808e-8	8.229091063482823e-8	8.229091076839496e-8	8.229091098410053e-8	8.229091133176597e-8	8.22909118910047e-8	8.229091278876587e-8	8.229091422703642e-8	8.22909165264766e-8	8.229092019498085e-8	8.229092603512288e-8	8.22909353122352e-8	8.229095001720259e-8	8.22909732739525e-8	8.229100997300222e-8	8.229106775134755e-8	8.229115850476154e-8	8.229130071538305e-8	8.229152302354369e-8	8.229186969366078e-8	8.229240895377746e-8	8.229324568208363e-8	8.2294540648065e-8	8.229653960592553e-8	8.229961714911843e-8	8.230434260867106e-8	8.23115787626477e-8	8.232262922125339e-8	8.2339457780986e-8	8.236501382964513e-8	8.240371349470117e-8	8.246214873490807e-8	8.25501289099623e-8	8.26822056514143e-8	8.287989788748525e-8	8.317492773433966e-8	8.36139109229808e-8	8.426513311743842e-8	8.522830750523602e-8	8.66485791480195e-8	8.873655850871293e-8	9.179688579818733e-8	9.626882428711931e-8	1.0278375481915516e-7	1.1224650482118028e-7	1.2594996327118968e-7	1.457358660281756e-7	1.74220123044123e-7	2.1510756246279063e-7	2.736304192448079e-7	3.571576655908834e-7	4.760396794396963e-7	6.447764145076121e-7	8.836294056132032e-7	1.2208416496818086e-6	1.6956887936919315e-6	2.362665849116181e-6	3.2972237947830003e-6	4.603621179638342e-6	6.425663440423018e-6	8.961391189821026e-6	1.2483185068657297e-5	1.7365337425363943e-5	2.412199684407519e-5	3.3459687119934226e-5	4.635063714796017e-5	6.413649238956727e-5	8.867770099210891e-5	0.0	0.0	0.0	0.0	0.0	0.0	0.0	0.0	0.0	0.0	0.0	0.0	0.0	0.0	0.0	0.0	0.0	0.0	0.0	0.0	0.0	0.0	0.0	0.0	0.0	0.0	0.0	0.0	0.0	0.0	0.0	0.0	0.0	0.0	0.0	0.0	0.0	0.0	0.0	0.0	0.0	0.0	0.0	0.0	0.0	0.0	0.0	0.0	0.0	0.0	0.0	0.0	0.0	0.0	0.0	0.0	0.0	0.0	0.0	0.0	0.0	0.0	0.0	0.0	0.0	0.0	0.0	0.0	0.0	0.0	0.0	0.0	0.0	0.0	0.0	0.0	0.0	0.0	0.0	0.0	0.0	0.0	0.0	0.0	0.0	0.0	0.0	0.0	0.0	0.0	0.0	0.0	0.0	0.0	0.0	0.0	0.0	0.0	0.0	0.0	0.0	0.0	0.0	0.0	0.0	0.0	0.0	0.0	0.0	0.0	0.0	0.0	0.0	0.0	0.0	0.0	0.0	0.0	0.0	0.0	0.0	0.0	0.0	0.0
-3.5422175376857013e-16	-4.10897217960278e-16	-4.766407918921638e-16	-5.529033106539761e-16	-6.413678816514685e-16	-7.439867305396048e-16	-8.630245984262165e-16	-1.001108544762323e-15	-1.16128587645479e-15	-1.3470916193345344e-15	-1.5626262598992141e-15	-1.812646444013034e-15	-2.102669889878196e-15	-2.439097082846619e-15	-2.829352624043012e-15	-3.282049038595938e-15	-3.8071768815949145e-15	-4.416325204884716e-15	-5.122937241901435e-15	-5.942607186841379e-15	-6.89342435473545e-15	-7.996372239846419e-15	-9.275791802986406e-15	-1.075991847717055e-14	-1.2481505411812619e-14	-1.4478546282996594e-14	-1.6795113670805994e-14	-1.948233186342891e-14	-2.2599504959459953e-14	-2.6215425692622447e-14	-3.040989375156127e-14	-3.52754766289913e-14	-4.0919552598991725e-14	-4.746668041079003e-14	-5.5061347950380477e-14	-6.387116079017494e-14	-7.409054066572284e-14	-8.59450154858308e-14	-9.969619522761124e-14	-1.1564754336752208e-13	-1.3415107062540687e-13	-1.5561509766411434e-13	-1.8051325736889675e-13	-2.093949331255864e-13	-2.428973608038296e-13	-2.817596579520338e-13	-3.268390837726952e-13	-3.7912988115855247e-13	-4.397851053139723e-13	-5.10141905557608e-13	-5.917507972722789e-13	-6.864095411846876e-13	-7.962023398282892e-13	-9.235451646056392e-13	-1.0712381466555358e-12	-1.2425260988261739e-12	-1.4411683894876067e-12	-1.6715195612880159e-12	-1.938622282934687e-12	-2.2483144432752994e-12	-2.607352443124093e-12	-3.0235530206850815e-12	-3.5059562580531974e-12	-4.06501276901054e-12	-4.712798460934663e-12	-5.463260705469407e-12	-6.332500245873118e-12	-7.339093721092228e-12	-8.504462303089342e-12	-9.853292632857466e-12	-1.141401701010789e-11	-1.3219360648035755e-11	-1.5306964762429226e-11	-1.7720095329346848e-11	-2.0508448533194003e-11	-2.3729065248109673e-11	-2.7447368366645867e-11	-3.1738338423675184e-11	-3.66878447801623e-11	-4.2394151648498557e-11	-4.896962047942318e-11	-5.6542632712294854e-11	-6.525975964136262e-11	-7.528820919681398e-11	-8.68185828105825e-11	-1.0006797926533762e-10	-1.1528348654596102e-10	-1.3274610726558928e-10	-1.5277516826228022e-10	-1.7573327050789806e-10	-2.0203184158255233e-10	-2.3213735970645657e-10	-2.665783257406443e-10	-3.059530677384733e-10	-3.5093847161792727e-10	-4.022997414119541e-10	-4.6090130342225457e-10	-5.27718980542862e-10	-6.038535761364643e-10	-6.9054602124402e-10	-7.891942547082835e-10	-9.013720231227839e-10	-1.0288498065196099e-9	-1.1736180965347685e-9	-1.337913276606706e-9	-1.524246378750319e-9	-1.7354350188028195e-9	-1.9746388419728914e-9	-2.245398843271465e-9	-2.5516809632140104e-9	-2.89792439833288e-9	-3.2890951088218012e-9	-3.730745052375604e-9	-4.229077724335373e-9	-4.791020639984809e-9	-5.4243054556771275e-9	-6.137556491854353e-9	-6.940388493434569e-9	-7.843514542017122e-9	-8.858865120462577e-9	-9.999719424261634e-9	-1.1280850116390684e-8	-1.2718682833790984e-8	-1.4331471874993398e-8	-1.613949363060413e-8	-1.8165259462296174e-8	-2.0433749892632833e-8	-2.2972672138574502e-8	-2.5812743207081942e-8	-2.8988000973116668e-8	-3.253614587995359e-8	-3.649891614057891e-8	-4.092249957869975e-8	-4.5857985530325354e-8	-5.13618605339372e-8	-5.7496551871050356e-8	-6.433102338177056e-8	-7.194142837425043e-8	-8.04118248754392e-8	-8.98349589361314e-8	-1.0031312220922663e-7	-1.1195909056976853e-7	-1.2489715114248542e-7	-1.3926422575128198e-7	-1.552110995098595e-7	-1.7290376403818085e-7	-1.9252488562107904e-7	-2.142754095286161e-7	-2.3837631269901795e-7	-2.6507051805085936e-7	-2.9462498484895905e-7	-3.273329908061141e-7	-3.6351662296899875e-7	-4.035294959206669e-7	-4.477597174443463e-7	-4.966331235446877e-7	-5.506168066254184e-7	-6.102229626895212e-7	-6.760130856738788e-7	-7.486025394701987e-7	-8.286655408347274e-7	-9.169405892689266e-7	-1.0142363830815192e-6	-1.1214382642403927e-6	-1.239515238313668e-6	-1.3695276198074665e-6	-1.5126353575601962e-6	-1.6701070995778882e-6	-1.8433300618228481e-6	-2.033820771031125e-6	-2.2432367576675033e-6	-2.4733892816665322e-6	-2.726257180692782e-6	-3.0040019383232443e-6	-3.308984077851041e-6	-3.6437809963750897e-6	-4.011206363518158e-6	-4.414331219548948e-6	-4.8565069189145354e-6	-5.34138959446975e-6	-5.8729698239620675e-6	-6.455599820748015e-6	-7.0940261083255635e-6	-7.793424554290718e-6	-8.559438358673898e-6	-9.398219334246753e-6	-1.0316472752705575e-5	-1.132150605033645e-5	-1.2421281706990636e-5	-1.36244746326883e-5	-1.4940534416567573e-5	-1.637975281272592e-5	-1.7953336856134812e-5	-1.9673488018432448e-5	-2.155348782696903e-5	-2.3607790379668956e-5	-2.5852122191410808e-5	-2.8303589802616407e-5	-3.098079556497688e-5	-3.390396198950474e-5	-3.709506499441598e-5	-4.057797631985945e-5	-4.4378615277301636e-5	-4.852510986627073e-5	-5.304796711150924e-5	-5.7980252238996885e-5	-6.335777600739548e-5	-6.921928912753209e-5	-7.560668221925149e-5	-8.256518915204499e-5	-9.014359086974595e-5	-9.839441588316125e-5	-0.00010737413249690924	-0.00011714332648324426	-0.0001277668562878207	-0.00013931397590842798	-0.00015185841328347802	-0.00016547838931716964	-0.0001802565595087147	-0.00019627985650423548	-0.00021352979049645045	-0.00023207382703457484	-0.0002519817862433137	-0.0002733235944734763	-0.00029616211417053835	-0.00032056385783044253	-0.0003465758864380954	-0.0003742332987947433	-0.000403557384441857	-0.00043455215231451424	-0.0004672004000502557	-0.0005014592261698196	-0.0005372550431792151	-0.000574478178045299	-0.0006129768844572464	-0.0006525509140694336	-0.0006929449027026599	-0.000733841543903081	-0.0007748544438495772	-0.0008155225340354242	-0.0008553040769886947	-0.0008935714909420036	-0.0009296069969412996	-0.0009625996087598719	-0.0009916436888548722	-0.0010157485227286086	-0.0010338188818072907	-0.0010447165795942012	-0.0010474339902814159	-0.00104743399037851	-0.0010474339905043493	-0.0010474339906670269	-0.0010474339908767782	-0.0010474339911465313	-0.0010474339918892794	-0.0010474339929099907	-0.0010474339943033894	-0.0010474339961962038	-0.0010474339987594963	-0.0010474340022259907	-0.0010474340069141668	-0.0010474340132616477	-0.0010474340218710758	-0.001047434033582116	-0.001047434049572821	-0.0010474340715026658	-0.0010474340997699448	-0.0010474341360352576	-0.001047434182473996	-0.0010474342418695477	-0.0010474343177772356	-0.001047434414718444	-0.0010474345384034686	-0.001047434695967454	-0.0010474348961813883	-0.0010474351495553366	-0.0010474354681698492	-0.001047435868562591	-0.0010474363714841782	-0.001047437002781888	-0.0010474377944864532	-0.001047438785991166	-0.0010474400257771735	-0.0010474415736197392	-0.0010474435033376867	-0.0010474459067856365	-0.0010474489003583672	-0.001047452629751991	-0.0010474572776785855	-0.0010474630738026049	-0.0010474703077321494	-0.001047479346189156	-0.0010474906558149736	-0.0010475048331436718	-0.0010475226421682944	-0.0010475450650877262	-0.0010475733702132773	-0.0010476092031670296	-0.001047654710172919	-0.001047712705262979	-0.0010477868974421176	-0.001047882200626451	-0.001048005160651029	-0.0010481645462488232	-0.0010483721656282937	-0.0010486439952139177	-0.0010490017190871563	-0.0010495525120560558	-0.001050180828998775	-0.0010510224989297738	-0.0010521570140039945	-0.0010536961559147445	-0.0010557982176177387	-0.0010586890211133622	-0.0010626375588260418	-0.0010680653091051332	-0.0010755636412274673	-0.001085975139537852	-0.0011004876082399667	-0.001120785750891894	-0.0011492473288956257	-0.0011892051535689818	-0.0012453197725070383	-0.001323951351470936	-0.0014338892986320117	-0.0015873347575416543	-0.0018012482922721684	-0.0020994905715244483	-0.0024936174894662137	-0.0028081333598154457	-0.00045128550331152706	-0.004741167461231844	-0.006191695074895998	-0.0010273445632765776	-0.0008855931391342775	-0.014052597115928944	-0.01875000217811892	-0.02469881763008601	-0.003170679046660241	-0.033440881240903164	-0.004357670356797794	-0.012161323980030114	-0.005821435348464465	-0.004134066636546807	-0.0019385586026233748	0.006043638792020606	0.0	0.0	-0.3473371195571989	-0.1970130056396332	-0.013035901342991374	0.0	-0.019329637781250963	0.0	0.0	0.0	0.0	0.0	-0.8594827331461183	-0.37883370792820437	0.0	0.0	0.0	0.0	0.0	0.0	0.0	0.0	0.0	0.0	0.0	0.0	0.0	0.0	0.0	0.0	0.0	0.0	0.0	0.0	0.0	0.0	0.0	0.0	0.0	0.0	0.0	0.0	0.0	0.0	0.0	0.0	0.0	0.0	0.0	0.0	0.0	0.0	0.0	0.0	0.0
0.0	0.0	0.0	0.0	0.0	0.0	0.0	0.0	0.0	0.0	0.0	0.0	0.0	0.0	0.0	0.0	0.0	0.0	0.0	0.0	0.0	0.0	0.0	0.0	0.0	0.0	0.0	0.0	0.0	0.0	0.0	0.0	0.0	0.0	0.0	0.0	0.0	0.0	0.0	0.0	0.0	0.0	0.0	0.0	0.0	0.0	0.0	0.0	0.0	0.0	0.0	0.0	0.0	0.0	0.0	0.0	0.0	0.0	0.0	0.0	0.0	0.0	0.0	0.0	0.0	0.0	0.0	0.0	0.0	0.0	0.0	0.0	0.0	0.0	0.0	0.0	0.0	0.0	0.0	0.0	0.0	0.0	0.0	0.0	0.0	0.0	0.0	0.0	0.0	0.0	0.0	0.0	0.0	0.0	0.0	0.0	0.0	0.0	0.0	0.0	0.0	0.0	0.0	0.0	0.0	0.0	0.0	0.0	0.0	0.0	0.0	0.0	0.0	0.0	0.0	0.0	0.0	0.0	0.0	0.0	0.0	0.0	0.0	0.0	0.0	0.0	0.0	0.0	0.0	0.0	0.0	0.0	0.0	0.0	0.0	0.0	0.0	0.0	0.0	0.0	0.0	0.0	0.0	0.0	0.0	0.0	0.0	0.0	0.0	0.0	0.0	0.0	0.0	0.0	0.0	0.0	0.0	0.0	0.0	0.0	0.0	0.0	0.0	0.0	0.0	0.0	0.0	0.0	0.0	0.0	0.0	0.0	0.0	0.0	0.0	0.0	0.0	0.0	0.0	0.0	0.0	0.0	0.0	0.0	0.0	0.0	0.0	0.0	0.0	0.0	0.0	0.0	0.0	0.0	0.0	0.0	0.0	0.0	0.0	0.0	0.0	0.0	0.0	0.0	0.0	0.0	0.0	0.0	0.0	0.0	0.0	0.0	0.0	0.0	0.0	0.0	0.0	0.0	0.0	0.0	0.0	0.0	0.0	0.0	0.0	0.0	0.0	0.0	0.0	0.0	0.0	0.0	0.0	0.0	0.0	0.0	0.0	0.0	0.0	0.0	0.0	0.0	0.0	0.0	0.0	0.0	0.0	0.0	0.0	0.0	0.0	0.0	0.0	0.0	0.0	0.0	0.0	0.0	0.0	0.0	0.0	0.0	0.0	0.0	0.0	0.0	0.0	0.0	0.0	0.0	0.0	0.0	0.0	0.0	0.0	0.0	0.0	0.0	0.0	0.0	0.0	0.0	0.0	0.0	0.0	0.0	0.0	0.0	0.0	0.0	0.0	0.0	0.0	0.0	0.0	0.0	0.0	0.0	0.0	0.0	0.0	0.0	0.0	0.0	0.0	0.0	0.0	0.0	0.0	0.0	0.0	0.0	0.0	0.0	0.0	0.0	0.0	0.0	0.0	0.0	0.0	0.0	0.0	0.0	0.0	0.0	0.0	0.0	0.0	0.0	0.0	0.0	0.0	0.0	0.0	0.0	0.0	0.0	0.0	0.0	0.0	0.0	0.0	0.0	0.0	0.0	0.0	0.0	0.0	0.0	0.0	0.0	0.0	0.0	0.0	0.0	0.0	0.0	0.0	0.0	0.0	0.0	0.0	0.0	0.0	0.0	0.0	0.0	0.0	0.0	0.0	0.0	0.0	0.0	0.0	0.0	0.0	0.0	0.0	0.0	0.0	0.0	0.0	0.0	0.0	0.0	0.0	0.0	0.0	0.0	0.0	0.0	0.0	0.0	0.0	0.0	0.0	0.0	0.0	0.0	0.0
2.3815620552712743e-21	2.3815620552712754e-21	2.381562055271279e-21	2.3815620552712845e-21	2.3815620552712946e-21	2.381562055271311e-21	2.381562055271337e-21	2.3815620552713766e-21	2.3815620552714353e-21	2.3815620552715215e-21	2.3815620552716456e-21	2.381562055271823e-21	2.3815620552723614e-21	2.3815620552731844e-21	2.3815620552744228e-21	2.3815620552762656e-21	2.3815620552789848e-21	2.3815620552829766e-21	2.381562055288825e-21	2.3815620552973917e-21	2.381562055309962e-21	2.38156205532847e-21	2.3815620553558377e-21	2.3815620553965117e-21	2.3815620554572808e-21	2.3815620555485337e-21	2.381562055674244e-21	2.3815620558460692e-21	2.3815620560808044e-21	2.381562056401283e-21	2.381562056838537e-21	2.381562057434745e-21	2.3815620582472085e-21	2.381562059353695e-21	2.381562060859551e-21	2.3815620629070874e-21	2.381562065687774e-21	2.3815620694578044e-21	2.3815620745574315e-21	2.3815620814341148e-21	2.381562090668694e-21	2.3815621030022958e-21	2.381562119467787e-21	2.381562141436187e-21	2.3815621707270535e-21	2.381562209757223e-21	2.3815622617312156e-21	2.3815623308907047e-21	2.3815624228404615e-21	2.381562544973294e-21	2.3815627070230707e-21	2.381562921783788e-21	2.3815632060447412e-21	2.381563581808986e-21	2.3815640778872766e-21	2.3815647319971786e-21	2.3815655935547817e-21	2.3815667274365937e-21	2.3815682184479283e-21	2.3815701773652313e-21	2.381572748723717e-21	2.3815761209195456e-21	2.381580539279779e-21	2.381586322966503e-21	2.3815938868356216e-21	2.3816037696997763e-21	2.3816166708703034e-21	2.381633497400426e-21	2.381655425148271e-21	2.3816839776495457e-21	2.3817211278498263e-21	2.3817694289797157e-21	2.381832182183416e-21	2.381913653020963e-21	2.382019349921612e-21	2.3821563823723613e-21	2.3823339214629145e-21	2.382563791862515e-21	2.382861232487163e-21	2.383245873560025e-21	2.383742991090471e-21	2.3843851167953458e-21	2.3852141032232236e-21	2.3862837717926773e-21	2.387663307765266e-21	2.389441614129246e-21	2.3917328922698953e-21	2.3946837932541518e-21	2.3984825797753646e-21	2.403370861208077e-21	2.409658620947304e-21	2.4177434553293958e-21	2.4281351991999914e-21	2.4414874401575395e-21	2.458637841475431e-21	2.4806597277086086e-21	2.5089280680010283e-21	2.545203857174056e-21	2.5917420038760755e-21	2.6514292489429002e-21	2.7279604400604424e-21	2.8260637888914875e-21	2.9517886697043074e-21	3.1128732577351118e-21	3.3192140713107943e-21	3.583465554037289e-21	3.9218055679597905e-21	4.354912519248717e-21	4.909212387079438e-21	5.6184699019014475e-21	6.525818453777327e-21	7.686349188907691e-21	9.170412674951386e-21	1.1067828391103973e-20	1.3493250548547339e-20	1.6593006444131522e-20	2.0553809594797083e-20	2.561385923819582e-20	3.207697668043248e-20	4.033060536940879e-20	5.0868725537206653e-20	6.432101853548634e-20	8.148997672711617e-20	1.0339811242992328e-19	1.313479997935764e-19	1.66998619339721e-19	2.1246240757321497e-19	2.704285958670886e-19	3.4431991981722344e-19	4.384916759318846e-19	5.584845022823268e-19	7.113452966664512e-19	9.060345278505374e-19	1.153943054373958e-18	1.4695477083186014e-18	1.871242665012277e-18	2.3823934280250527e-18	3.0326726462534725e-18	3.859752618929694e-18	4.911449081410176e-18	6.248435764244882e-18	7.947680618970812e-18	1.0106794188797747e-17	1.2849530484543152e-17	1.633274356004394e-17	2.075518209830659e-17	2.636860389950537e-17	3.349181744592779e-17	4.25284152766804e-17	5.3989161966915386e-17	6.852024837885869e-17	8.693893643436565e-17	1.1027851108775781e-16	1.3984494862944647e-16	1.7728832813911178e-16	2.246927873246728e-16	2.8468979444417914e-16	3.6060072356379323e-16	4.566162422235085e-16	5.780219248958848e-16	7.31481887386565e-16	9.253952147449353e-16	1.1703436753940407e-15	1.4796538599109966e-15	1.8701026814225348e-15	2.362802408116523e-15	2.9843104171367746e-15	3.76802009751513e-15	4.755903326229863e-15	6.000692362907733e-15	7.568610680691885e-15	9.54278919463899e-15	1.2027537827125713e-14	1.5153683921612662e-14	1.9085240606754043e-14	2.4027732196770455e-14	3.023858301801842e-14	3.8040074280601024e-14	4.7835495204137365e-14	6.012926501417226e-14	7.555198835397243e-14	9.489163633635171e-14	1.1913232898877654e-13	1.495025445985333e-13	1.875350125999663e-13	2.351410777085444e-13	2.947029766692455e-13	3.6918827294159576e-13	4.622916826825243e-13	5.786107387072026e-13	7.238632278818706e-13	9.051561626810366e-13	1.1313182836318832e-12	1.4133108261799366e-12	1.7647346324448765e-12	2.202455777837732e-12	2.747376874889833e-12	3.425387305720518e-12	4.268533054415268e-12	5.3164558435476045e-12	6.618162265335719e-12	8.234196946831221e-12	1.0239309992069854e-11	1.2725728592793605e-11	1.5807166501053638e-11	1.9623733859128517e-11	2.4347944697780556e-11	3.0192061452257454e-11	3.7417066548185754e-11	4.634361219241176e-11	5.7365373006028385e-11	7.096531447776074e-11	8.773549626170049e-11	1.0840115648362332e-10	1.3384997545640673e-10	1.6516759925315415e-10	2.0368072099366112e-10	2.5100927697844663e-10	3.0912962358579436e-10	3.8045092805440737e-10	4.679074423196279e-10	5.750698460775609e-10	7.06279457301009e-10	8.668098318428756e-10	1.0630611274007323e-9	1.3027936127297868e-9	1.5954078855878048e-9	1.952280751145565e-9	2.3871673392723713e-9	2.916681941549172e-9	3.5608722694757047e-9	4.34390442210371e-9	5.2948788583307046e-9	6.4488011570459566e-9	7.847735385098464e-9	9.542172554154974e-9	1.1592652016494633e-8	1.4071679818611267e-8	1.706599510075901e-8	2.0679243709563647e-8	2.5035127397344188e-8	3.0281107441757046e-8	3.659275336601632e-8	4.4178840812591466e-8	5.328731766564662e-8	6.421227437529034e-8	7.730207325459948e-8	9.296881243797867e-8	1.1169932333633704e-7	1.34067925914347e-7	1.6075119403779244e-7	1.9254501355259966e-7	2.3038424867692976e-7	2.753653676745798e-7	3.2877241652461735e-7	3.921067692178007e-7	4.6712112510330157e-7	5.558582669683934e-7	6.606951377081665e-7	7.843928378199779e-7	9.301531896432332e-7	1.1016825561593417e-6	1.3032636409435957e-6	1.5398360299499561e-6	1.8170862633808114e-6	2.141548244845939e-6	2.520714802973902e-6	2.963161214963585e-6	3.478681479363469e-6	4.078438083536072e-6	4.775125946535017e-6	5.583151127130481e-6	6.51882476610735e-6	7.600572578496879e-6	8.849160022131694e-6	1.0287933041335354e-5	1.194307401683482e-5	1.3843872244175954e-5	1.6023007913234723e-5	1.8516848172465818e-5	2.1365753436597653e-5	2.4614391640752637e-5	2.8312057664715192e-5	3.251299465775148e-5	3.7276713498641625e-5	4.266830614103697e-5	4.87587481360683e-5	5.562518520827751e-5	6.335119840303314e-5	7.202704203717309e-5	8.174984847880155e-5	9.26237936583127e-5	0.00010476021715996104	0.00011827769073245641	0.0001333020290323432	0.00014996623628153654	0.0001684103821327607	0.0001887813991701491	0.00021123279279550866	0.00023592425127852673	0.0002630211387751432	0.0002926938461150858	0.00032511696162972493	0.0003604682050428595	0.000398927038252962	0.00044067282291604696	0.00048591357238831056	0.0005348912500343581	0.0005878641687314594	0.0006451096297721614	0.0007069270129503297	0.0007736413856563786	0.0008456077035899488	0.0009232156796857345	0.0010068953998516837	0.001097123761631104	0.001194431800421872	0.001299412939533359	0.0014127321414119922	0.0015351358239727839	0.0016674621966192588	0.00181065129259543	0.001965753299889963	0.0021339325948603	0.00231646275385648	0.0025147040210063937	0.0027300478958050896	0.0029638011786512516	0.0032169593244267916	0.0034960669483329217	0.0038101203629947408	0.004171213044788097	0.0045963608132006005	0.005110659707759732	0.0	0.0	0.0	0.0	0.0	0.0	0.0	0.0	0.0	0.0	0.0	0.0	0.0	0.0	0.0	0.0	0.0	0.0	0.0	0.0	0.0	0.0	0.0	0.0	0.0	0.0	0.0	0.0	0.0	0.0	0.0	0.0	0.0	0.0	0.0	0.0	0.0	0.0	0.0	0.0	0.0	0.0	0.0	0.0	0.0	0.0	0.0	0.0	0.0	0.0	0.0	0.0	0.0	0.0	0.0	0.0	0.0	0.0	0.0	0.0	0.0	0.0	0.0	0.0	0.0	0.0	0.0
-2.3815620552712743e-21	-2.3815620552712754e-21	-2.381562055271279e-21	-2.3815620552712845e-21	-2.3815620552712946e-21	-2.381562055271311e-21	-2.381562055271337e-21	-2.3815620552713766e-21	-2.3815620552714353e-21	-2.3815620552715215e-21	-2.3815620552716456e-21	-2.381562055271823e-21	-2.3815620552723614e-21	-2.3815620552731844e-21	-2.3815620552744228e-21	-2.3815620552762656e-21	-2.3815620552789848e-21	-2.3815620552829766e-21	-2.381562055288825e-21	-2.3815620552973917e-21	-2.381562055309962e-21	-2.38156205532847e-21	-2.3815620553558377e-21	-2.3815620553965117e-21	-2.3815620554572808e-21	-2.3815620555485337e-21	-2.381562055674244e-21	-2.3815620558460692e-21	-2.3815620560808044e-21	-2.381562056401283e-21	-2.381562056838537e-21	-2.381562057434745e-21	-2.3815620582472085e-21	-2.381562059353695e-21	-2.381562060859551e-21	-2.3815620629070874e-21	-2.381562065687774e-21	-2.3815620694578044e-21	-2.3815620745574315e-21	-2.3815620814341148e-21	-2.381562090668694e-21	-2.3815621030022958e-21	-2.381562119467787e-21	-2.381562141436187e-21	-2.3815621707270535e-21	-2.381562209757223e-21	-2.3815622617312156e-21	-2.3815623308907047e-21	-2.3815624228404615e-21	-2.381562544973294e-21	-2.3815627070230707e-21	-2.381562921783788e-21	-2.3815632060447412e-21	-2.381563581808986e-21	-2.3815640778872766e-21	-2.3815647319971786e-21	-2.3815655935547817e-21	-2.3815667274365937e-21	-2.3815682184479283e-21	-2.3815701773652313e-21	-2.381572748723717e-21	-2.3815761209195456e-21	-2.381580539279779e-21	-2.381586322966503e-21	-2.3815938868356216e-21	-2.3816037696997763e-21	-2.3816166708703034e-21	-2.381633497400426e-21	-2.381655425148271e-21	-2.3816839776495457e-21	-2.3817211278498263e-21	-2.3817694289797157e-21	-2.381832182183416e-21	-2.381913653020963e-21	-2.382019349921612e-21	-2.3821563823723613e-21	-2.3823339214629145e-21	-2.382563791862515e-21	-2.382861232487163e-21	-2.383245873560025e-21	-2.383742991090471e-21	-2.3843851167953458e-21	-2.3852141032232236e-21	-2.3862837717926773e-21	-2.387663307765266e-21	-2.389441614129246e-21	-2.3917328922698953e-21	-2.3946837932541518e-21	-2.3984825797753646e-21	-2.403370861208077e-21	-2.409658620947304e-21	-2.4177434553293958e-21	-2.4281351991999914e-21	-2.4414874401575395e-21	-2.458637841475431e-21	-2.4806597277086086e-21	-2.5089280680010283e-21	-2.545203857174056e-21	-2.5917420038760755e-21	-2.6514292489429002e-21	-2.7279604400604424e-21	-2.8260637888914875e-21	-2.9517886697043074e-21	-3.1128732577351118e-21	-3.3192140713107943e-21	-3.583465554037289e-21	-3.9218055679597905e-21	-4.354912519248717e-21	-4.909212387079438e-21	-5.6184699019014475e-21	-6.525818453777327e-21	-7.686349188907691e-21	-9.170412674951386e-21	-1.1067828391103973e-20	-1.3493250548547339e-20	-1.6593006444131522e-20	-2.0553809594797083e-20	-2.561385923819582e-20	-3.207697668043248e-20	-4.033060536940879e-20	-5.0868725537206653e-20	-6.432101853548634e-20	-8.148997672711617e-20	-1.0339811242992328e-19	-1.313479997935764e-19	-1.66998619339721e-19	-2.1246240757321497e-19	-2.704285958670886e-19	-3.4431991981722344e-19	-4.384916759318846e-19	-5.584845022823268e-19	-7.113452966664512e-19	-9.060345278505374e-19	-1.153943054373958e-18	-1.4695477083186014e-18	-1.871242665012277e-18	-2.3823934280250527e-18	-3.0326726462534725e-18	-3.859752618929694e-18	-4.911449081410176e-18	-6.248435764244882e-18	-7.947680618970812e-18	-1.0106794188797747e-17	-1.2849530484543152e-17	-1.633274356004394e-17	-2.075518209830659e-17	-2.636860389950537e-17	-3.349181744592779e-17	-4.25284152766804e-17	-5.3989161966915386e-17	-6.852024837885869e-17	-8.693893643436565e-17	-1.1027851108775781e-16	-1.3984494862944647e-16	-1.7728832813911178e-16	-2.246927873246728e-16	-2.8468979444417914e-16	-3.6060072356379323e-16	-4.566162422235085e-16	-5.780219248958848e-16	-7.31481887386565e-16	-9.253952147449353e-16	-1.1703436753940407e-15	-1.4796538599109966e-15	-1.8701026814225348e-15	-2.362802408116523e-15	-2.9843104171367746e-15	-3.76802009751513e-15	-4.755903326229863e-15	-6.000692362907733e-15	-7.568610680691885e-15	-9.54278919463899e-15	-1.2027537827125713e-14	-1.5153683921612662e-14	-1.9085240606754043e-14	-2.4027732196770455e-14	-3.023858301801842e-14	-3.8040074280601024e-14	-4.7835495204137365e-14	-6.012926501417226e-14	-7.555198835397243e-14	-9.489163633635171e-14	-1.1913232898877654e-13	-1.495025445985333e-13	-1.875350125999663e-13	-2.351410777085444e-13	-2.947029766692455e-13	-3.6918827294159576e-13	-4.622916826825243e-13	-5.786107387072026e-13	-7.238632278818706e-13	-9.051561626810366e-13	-1.1313182836318832e-12	-1.4133108261799366e-12	-1.7647346324448765e-12	-2.202455777837732e-12	-2.747376874889833e-12	-3.425387305720518e-12	-4.268533054415268e-12	-5.3164558435476045e-12	-6.618162265335719e-12	-8.234196946831221e-12	-1.0239309992069854e-11	-1.2725728592793605e-11	-1.5807166501053638e-11	-1.9623733859128517e-11	-2.4347944697780556e-11	-3.0192061452257454e-11	-3.7417066548185754e-11	-4.634361219241176e-11	-5.7365373006028385e-11	-7.096531447776074e-11	-8.773549626170049e-11	-1.0840115648362332e-10	-1.3384997545640673e-10	-1.6516759925315415e-10	-2.0368072099366112e-10	-2.5100927697844663e-10	-3.0912962358579436e-10	-3.8045092805440737e-10	-4.679074423196279e-10	-5.750698460775609e-10	-7.06279457301009e-10	-8.668098318428756e-10	-1.0630611274007323e-9	-1.3027936127297868e-9	-1.5954078855878048e-9	-1.952280751145565e-9	-2.3871673392723713e-9	-2.916681941549172e-9	-3.5608722694757047e-9	-4.34390442210371e-9	-5.2948788583307046e-9	-6.4488011570459566e-9	-7.847735385098464e-9	-9.542172554154974e-9	-1.1592652016494633e-8	-1.4071679818611267e-8	-1.706599510075901e-8	-2.0679243709563647e-8	-2.5035127397344188e-8	-3.0281107441757046e-8	-3.659275336601632e-8	-4.4178840812591466e-8	-5.328731766564662e-8	-6.421227437529034e-8	-7.730207325459948e-8	-9.296881243797867e-8	-1.1169932333633704e-7	-1.34067925914347e-7	-1.6075119403779244e-7	-1.9254501355259966e-7	-2.3038424867692976e-7	-2.753653676745798e-7	-3.2877241652461735e-7	-3.921067692178007e-7	-4.6712112510330157e-7	-5.558582669683934e-7	-6.606951377081665e-7	-7.843928378199779e-7	-9.301531896432332e-7	-1.1016825561593417e-6	-1.3032636409435957e-6	-1.5398360299499561e-6	-1.8170862633808114e-6	-2.141548244845939e-6	-2.520714802973902e-6	-2.963161214963585e-6	-3.478681479363469e-6	-4.078438083536072e-6	-4.775125946535017e-6	-5.583151127130481e-6	-6.51882476610735e-6	-7.600572578496879e-6	-8.849160022131694e-6	-1.0287933041335354e-5	-1.194307401683482e-5	-1.3843872244175954e-5	-1.6023007913234723e-5	-1.8516848172465818e-5	-2.1365753436597653e-5	-2.4614391640752637e-5	-2.8312057664715192e-5	-3.251299465775148e-5	-3.7276713498641625e-5	-4.266830614103697e-5	-4.87587481360683e-5	-5.562518520827751e-5	-6.335119840303314e-5	-7.202704203717309e-5	-8.174984847880155e-5	-9.26237936583127e-5	-0.00010476021715996104	-0.00011827769073245641	-0.0001333020290323432	-0.00014996623628153654	-0.0001684103821327607	-0.0001887813991701491	-0.00021123279279550866	-0.00023592425127852673	-0.0002630211387751432	-0.0002926938461150858	-0.00032511696162972493	-0.0003604682050428595	-0.000398927038252962	-0.00044067282291604696	-0.00048591357238831056	-0.0005348912500343581	-0.0005878641687314594	-0.0006451096297721614	-0.0007069270129503297	-0.0007736413856563786	-0.0008456077035899488	-0.0009232156796857345	-0.0010068953998516837	-0.001097123761631104	-0.001194431800421872	-0.001299412939533359	-0.0014127321414119922	-0.0015351358239727839	-0.0016674621966192588	-0.00181065129259543	-0.001965753299889963	-0.0021339325948603	-0.00231646275385648	-0.0025147040210063937	-0.0027300478958050896	-0.0029638011786512516	-0.0032169593244267916	-0.0034960669483329217	-0.0038101203629947408	-0.004171213044788097	-0.0045963608132006005	-0.005110659707759732	-0.00575321887088841	0.0	0.0	0.0	0.0	0.0	0.0	0.0	0.0	0.0	0.0	0.0	0.0	0.0	0.0	0.0	0.0	0.0	0.0	0.0	0.0	0.0	0.0	0.0	0.0	0.0	0.0	0.0	0.0	0.0	0.0	0.0	0.0	0.0	0.0	0.0	0.0	0.0	0.0	0.0	0.0	0.0	0.0	0.0	0.0	0.0	0.0	0.0	0.0	0.0	0.0	0.0	0.0	0.0	0.0	0.0	0.0	0.0	0.0	0.0	0.0	0.0	0.0	0.0	0.0	0.0	0.0
