-2.9104897137872113e-60	-3.3761680679931656e-60	-3.916354958872072e-60	-4.542971752291604e-60	-5.269847232658262e-60	-6.113022789883585e-60	-7.091106436264959e-60	-8.225683466067353e-60	-9.54179282063813e-60	-1.1068479082732727e-59	-1.2839429640405037e-59	-1.4893703832754866e-59	-1.7276554404505457e-59	-2.0040329535463325e-59	-2.3245423764942113e-59	-2.696121554868381e-59	-3.126688524131342e-59	-3.6251948710385536e-59	-4.201627191594323e-59	-4.866926450937756e-59	-5.632791894575745e-59	-6.511342707732391e-59	-7.514635861898311e-59	-8.65409185407527e-59	-9.939964008062067e-59	-1.1381087107884997e-58	-1.2985220060831733e-58	-1.4760309440054396e-58	-1.671692782354198e-58	-1.887201685056616e-58	-2.12539576142269e-58	-2.3908960113756574e-58	-2.690884459879261e-58	-3.03605031014385e-58	-3.4417692406883225e-58	-3.929631600803718e-58	-4.5294978353250364e-58	-5.282331116937436e-58	-6.244137746814833e-58	-7.491440810795293e-58	-9.128832416836386e-58	-1.1299307269048868e-57	-1.4198287407155714e-57	-1.8092515181578364e-57	-2.334532840329684e-57	-3.0450248174936585e-57	-4.007532105579107e-57	-5.312129159764593e-57	-7.079749752085805e-57	-9.472049196354803e-57	-1.270420108774167e-56	-1.7061536131633636e-56	-2.2921313935104174e-56	-3.0781516837255876e-56	-4.1299475130890745e-56	-5.534451919277201e-56	-7.407089767334612e-56	-9.902016177531095e-56	-1.3226645796181209e-55	-1.7662422230811386e-55	-2.3594640553358657e-55	-3.1555372346440025e-55	-4.228531976544908e-55	-5.682298493344171e-55	-7.66332323397911e-55	-1.0379264520648525e-54	-1.4125675097273193e-54	-1.932452509645082e-54	-2.65797326510373e-54	-3.675720592514138e-54	-5.110020991937627e-54	-7.139564127410496e-54	-1.0021366919918843e-53	-1.4125310994332212e-53	-1.9983918539468464e-53	-2.8364090417137044e-53	-4.0370497867871875e-53	-5.759459648730292e-53	-8.232939634847353e-53	-1.178790083226721e-52	-1.6900479442287886e-52	-2.4256840954671428e-52	-3.484586264536609e-52	-5.0092717780141224e-52	-7.205141135854278e-52	-1.0368227534905397e-51	-1.4924904970250837e-51	-2.1488751737383163e-51	-3.0944402660550856e-51	-4.45663700426374e-51	-6.419082816949426e-51	-9.246305968707112e-51	-1.3319387201422522e-50	-1.9187294672492793e-50	-2.764081826848002e-50	-3.9819046578536657e-50	-5.736270182331565e-50	-8.263494105654043e-50	-1.190392894472648e-49	-1.7147740693926724e-49	-2.470081489186776e-49	-3.557963762102248e-49	-5.1247881248584805e-49	-7.381301344446218e-49	-1.0630928858470848e-48	-1.5310504796019057e-48	-2.204888950664694e-48	-3.17513247538565e-48	-4.5720819435693174e-48	-6.583281016144134e-48	-9.478646200638765e-48	-1.3646621525067623e-47	-1.964619095407285e-47	-2.828169908342712e-47	-4.071047505755145e-47	-5.859763168093985e-47	-8.433870429731237e-47	-1.2137984001530564e-46	-1.746782513212799e-46	-2.5136433931882952e-46	-3.61693757134357e-46	-5.204162960820209e-46	-7.487439692764878e-46	-1.0771804148040442e-45	-1.549588339289522e-45	-2.2290363950992368e-45	-3.206203498184449e-45	-4.611458561214353e-45	-6.632222059536144e-45	-9.53791757552547e-45	-1.371582956512787e-44	-1.9722631748700304e-44	-2.835843074454947e-44	-4.0773157561481675e-44	-5.861943128757355e-44	-8.427218330371449e-44	-1.211441829714549e-43	-1.7413931912073577e-43	-2.503037486408329e-43	-3.597612400299631e-43	-5.1705668417753606e-43	-7.430857956219969e-43	-1.0678666314507476e-42	-1.5345199691961447e-42	-2.2049855309892432e-42	-3.168230645874935e-42	-4.5520375231140915e-42	-6.539928369272261e-42	-9.395466538248975e-42	-1.349714630434825e-41	-1.9388482154638383e-41	-2.784991497269527e-41	-4.0002031435558125e-41	-5.745372325068943e-41	-8.251425656605462e-41	-1.1849686354113556e-40	-1.7015730907341765e-40	-2.443199494675594e-40	-3.507763634233198e-40	-5.0357376359113056e-40	-7.228619344315815e-40	-1.0375403264878878e-39	-1.4890512183676203e-39	-2.1368140262229967e-39	-3.0660091743582607e-39	-4.3987249891880814e-39	-6.309917216069377e-39	-9.050254268413063e-39	-1.2978812677447207e-38	-1.8609861524492275e-38	-2.667979660693842e-38	-3.824289049391937e-38	-5.480825118905945e-38	-7.853571388311474e-38	-1.1251602151937855e-37	-1.6117157717817318e-37	-2.3082970626909463e-37	-3.305428075598156e-37	-4.732619608319921e-37	-6.775167597320963e-37	-9.698204945785761e-37	-1.3881151761205559e-36	-1.9867080343350406e-36	-2.8433484585116115e-36	-4.0693784250513524e-36	-5.824298603593788e-36	-8.336681825317599e-36	-1.1934215219741551e-35	-1.7086877224082792e-35	-2.4469022059317826e-35	-3.5048692132882306e-35	-5.021615472092745e-35	-7.196896374007785e-35	-1.0317850351744185e-34	-1.4797402396091303e-34	-2.1229613522772372e-34	-3.046947771759356e-34	-4.3747996949204066e-34	-6.283817445110351e-34	-9.029451649307072e-34	-1.2979867797431722e-33	-1.8665840912009303e-33	-2.685279600400398e-33	-3.864484753184647e-33	-5.5635086379636595e-33	-8.012272549671918e-33	-1.1542693051373635e-32	-1.6634051642519303e-32	-2.3978605982212087e-32	-3.457650915926721e-32	-4.987318926660898e-32	-7.195828686665358e-32	-1.0385391275916613e-31	-1.4993263990266069e-31	-2.1652415419304148e-31	-3.1279663426558662e-31	-4.5203882852244225e-31	-6.535275547601453e-31	-9.452519931332581e-31	-1.3678939995432594e-30	-1.9806518784388216e-30	-2.8695025538715496e-30	-4.159486280238034e-30	-6.032951097829817e-30	-8.755791302792178e-30	-1.2715919951717352e-29	-1.8479390666454528e-29	-2.6872100514424793e-29	-3.909840066671263e-29	-5.691263409815275e-29	-8.28659420046492e-29	-1.2065881881536644e-28	-1.7563944687515662e-28	-2.5549668343004004e-28	-3.7119732199678093e-28	-5.379135954102921e-28	-7.755408674205502e-28	-1.109518429341894e-27	-1.5700001129085095e-27	-2.1898534517278043e-27	-3.001340543786399e-27	-4.0319502858112515e-27	-5.300196059147499e-27	-6.812250590934774e-27	-8.560025608021599e-27	-1.0520873588170635e-26	-1.2658720524931484e-26	-1.492626492148587e-26	-1.7267875258928156e-26	-1.962288054443314e-26	-2.1928995652383632e-26	-2.4125640460431798e-26	-2.615692529776073e-26	-2.797411069935514e-26	-2.9537412064407525e-26	-3.081709705830346e-26	-3.1793897583706766e-26	-3.2458815407798466e-26	-3.2812435551006525e-26	-3.2863875516404004e-26	-3.262949623667585e-26	-3.2131488009575214e-26	-3.1396426692608416e-26	-3.0453875655747916e-26	-2.9335089720910806e-26	-2.807185979386281e-26	-2.669552168672876e-26	-2.523613992053178e-26	-2.3721867058461735e-26	-2.2178471196857673e-26	-2.062901846482274e-26	-1.9093693484857052e-26	-1.7589738482245224e-26	-1.6131490849704417e-26	-1.4730499183294138e-26	-1.3395698825523907e-26	-1.2133629587506545e-26	-1.0948680409254603e-26	-9.843347661462545e-27	-8.818496633052085e-27	-7.87361702965145e-27	-7.00706631021314e-27	-6.216295826942194e-27	-5.498057163925655e-27	-4.848585659165893e-27	-4.263761480762689e-27	-3.7392486989003505e-27	-3.2706117052717274e-27	-2.853412373776499e-27	-2.4832876019477206e-27	-2.1560108010035923e-27	-1.8675354760085618e-27	-1.614035602588292e-27	-1.3919267985381746e-27	-1.1978614709829136e-27	-1.0287711001745522e-27	-8.818260966346972e-28	-7.544880671480368e-28	-6.443963710566454e-28	-5.495366600308813e-28	-4.679555527004723e-28	-3.9822642222202e-28	-3.386702385414546e-28	-2.8866971119771395e-28	-2.4700260507793775e-28	-2.1300224648420285e-28	-1.867519696287451e-28	-1.6875177978499902e-28	-1.569391552000345e-28	-1.5947043189678855e-28	-1.708611770322421e-28	-2.05033412438637e-28	-2.8192094210302076e-28	-3.8443764832209615e-28	-5.766564724827052e-28	-8.64984708723117e-28	-1.2974770630826587e-27	-1.9462155946196673e-27	-2.919323391920244e-27	-4.378985087860537e-27	-6.568477631748337e-27	-9.852716447531572e-27	-1.4779074671102695e-26	-2.2168612006237442e-26	-3.3252918008464856e-26	-4.9879377010790916e-26	-7.481906551211034e-26	-1.122285982594535e-25	-1.683428973705666e-25	-2.5251434601609726e-25	-3.787715189392851e-25	-5.681572782278592e-25	-8.522359169556366e-25	-1.2783538746103862e-24	-1.9175308101622914e-24	-2.8762962115110108e-24	-4.3144443093261885e-24	-6.471666447109294e-24	-9.707499634807959e-24	-1.4561249376112632e-23	-2.1841873902808767e-23	-3.276281051240585e-23	-4.914421504530805e-23	-7.371632103914437e-23	-1.105744783314002e-22	-1.658617106935906e-22	-2.4879255171900295e-22	-3.731887974786564e-22	-5.5978313306111395e-22	-8.396745673256875e-22	-1.2595115745564743e-21	-1.8892667853305836e-21	-2.833898978245923e-21	-4.250845975819209e-21	-6.376263800676127e-21	-9.5643850234824e-21	-1.4346555490142843e-20	-2.1519787773114066e-20	-3.227958797139326e-20	-4.841918895165121e-20	-7.262838572367445e-20	-1.0894175828475444e-19	-1.6341094234226338e-19	-2.4511290077818873e-19	-3.676620446786074e-19	-5.514778082418287e-19	-8.271847134953664e-19	-1.2407096814434923e-18	-1.860921983323204e-18	-2.7910801083412414e-18	-4.185973543840794e-18	-6.277572887140748e-18	-9.413367645781875e-18	-1.4113572306591456e-17	-2.1156279620484743e-17	-3.170377073672392e-17	-4.7488950732439404e-17	-7.108865309007891e-17	-1.0632027401055299e-16	-1.5880927506993823e-16	-2.3678454454370066e-16	-3.5216106233008113e-16	-5.219447309616955e-16	-7.699166277097213e-16	-1.1283608074748195e-15	-1.6392070051796591e-15	-2.353226924178666e-15	-3.3246627232014277e-15	-4.5969714429465856e-15	-6.791026780850849e-15	-9.561914693525053e-15	-1.265499965907085e-14	-1.6504233441320765e-14	-1.998401444325278e-14	-2.4424906541753384e-14	-2.886579864025399e-14	-3.330669073875458e-14	-3.7747582837255184e-14	-4.2188474935755766e-14	-4.6629367034256354e-14	-5.107025913275694e-14
-5.554038006068937e-28	-6.442684087039967e-28	-7.473513540966363e-28	-8.669275707520982e-28	-1.0056359820724342e-27	-1.1665377392040237e-27	-1.3531837774766677e-27	-1.5696931818729347e-27	-1.8208440909726042e-27	-2.1121790322146158e-27	-2.450126504783446e-27	-2.8421400970956855e-27	-3.296855169431001e-27	-3.8242607940175495e-27	-4.435880772157997e-27	-5.144951598396872e-27	-5.966576673359408e-27	-6.917824614975355e-27	-8.017725820789396e-27	-9.287108189438789e-27	-1.0748206589337236e-26	-1.2423993263255726e-26	-1.4337225461350297e-26	-1.6509310384206862e-26	-1.8959251026239753e-26	-2.1703130901646176e-26	-2.4754747470909661e-26	-2.8128023799277233e-26	-3.1841679842473304e-26	-3.592639626324405e-26	-4.0434488960631616e-26	-4.545204913316059e-26	-5.111365950809352e-26	-5.762021205359144e-26	-6.526104904435809e-26	-7.444262214387639e-26	-8.572707535189656e-26	-9.988556560970001e-26	-1.1797275992019828e-25	-1.4143093815156595e-25	-1.7223477465850802e-25	-2.130915649908154e-25	-2.6771688804418346e-25	-3.412130420395537e-25	-4.405878310887913e-25	-5.7546543366556055e-25	-7.590605537022178e-25	-1.009513764020172e-24	-1.3517225579488005e-24	-1.819852795671298e-24	-2.4607840157170357e-24	-3.338836414350209e-24	-4.542256691462718e-24	-6.192117476279611e-24	-8.454528532217962e-24	-1.1557392391476633e-23	-1.5813395217206704e-23	-2.1651545818656938e-23	-2.966044773857874e-23	-4.064332388126309e-23	-5.569954298541847e-23	-7.633892958342368e-23	-1.0463038535449662e-22	-1.4340865095056534e-22	-1.9655741320788517e-22	-2.693968945992466e-22	-3.6921441104461645e-22	-5.059905310793915e-22	-6.933928051911502e-22	-9.501354580106636e-22	-1.3018395407300149e-21	-1.7835773658064927e-21	-2.443352421120515e-21	-3.346857978138357e-21	-4.583983262647851e-21	-6.277707618169596e-21	-8.596257300012276e-21	-1.1769719222790766e-20	-1.611274228169893e-20	-2.205555223444119e-20	-3.018631845322857e-20	-4.130901905034867e-20	-5.652246251834391e-20	-7.73281857241521e-20	-1.0577775966950553e-19	-1.446738681601232e-19	-1.9784475141050391e-19	-2.7051873209811126e-19	-3.6983525403097617e-19	-5.055421013279874e-19	-6.909465063044345e-19	-9.442124369048015e-19	-1.2901298487712897e-18	-1.7625273190274553e-18	-2.4075616412270266e-18	-3.2882026341124463e-18	-4.490346742459392e-18	-6.1311500693622844e-18	-8.370385361929993e-18	-1.142591871028566e-17	-1.5594798260034892e-17	-2.1281987115605997e-17	-2.903950758683136e-17	-3.9619764441018866e-17	-5.4048176716014883e-17	-7.372210134870004e-17	-1.0054555483956496e-16	-1.3711267286713617e-16	-1.8695752071588547e-16	-2.5489422657746116e-16	-3.4748006338345486e-16	-4.736458802557809e-16	-6.455543076762978e-16	-8.797679627451886e-16	-1.1988395463747286e-15	-1.6334760884122064e-15	-2.225484517599151e-15	-3.0317804607318563e-15	-4.1298438531884205e-15	-5.6251432928355e-15	-7.661239322041258e-15	-1.0433532986183099e-14	-1.4207974604365948e-14	-1.934652206972213e-14	-2.6341783608028533e-14	-3.5864158635908955e-14	-4.882598643976137e-14	-6.646884063434815e-14	-9.048232416169926e-14	-1.2316573809413417e-13	-1.676481098917406e-13	-2.281876586069063e-13	-3.105726961938187e-13	-4.2265729771591224e-13	-5.751316733294683e-13	-7.825277389967133e-13	-1.0645973195054794e-12	-1.4481838574691045e-12	-1.969763979328362e-12	-2.678898122123713e-12	-3.642914591708128e-12	-4.9532667729498725e-12	-6.734159369058995e-12	-9.154250929593298e-12	-1.2442526288499219e-11	-1.6909820985975728e-11	-2.297800745721974e-11	-3.121957063733224e-11	-4.2411278357009724e-11	-5.760698499820451e-11	-7.823642636309615e-11	-1.0623934957721915e-10	-1.4424772177566364e-10	-1.9583341670195389e-10	-2.658451605816886e-10	-3.608672798293949e-10	-4.898448370914334e-10	-6.649363237171712e-10	-9.026779416179514e-10	-1.225575088441872e-9	-1.6642803540020136e-9	-2.260577894904169e-9	-3.0714781007254296e-9	-4.174843099803418e-9	-5.6771252901551135e-9	-7.724024745075432e-9	-1.0515180518263046e-8	-1.4324438091519412e-8	-1.9527825641974604e-8	-2.6642188246038807e-8	-3.637855889375197e-8	-4.971590970375521e-8	-6.800309499185838e-8	-9.309980510725503e-8	-1.2757152376084395e-7	-1.7495927706702913e-7	-2.401530102773652e-7	-3.299086029398135e-7	-4.53564050460616e-7	-6.240318907426626e-7	-8.591748939395394e-7	-1.1837136456088397e-6	-1.6318725206967105e-6	-2.251051058962079e-6	-3.106919836932014e-6	-4.290496076650453e-6	-5.927971949395555e-6	-8.194372410155483e-6	-1.1332544036594756e-5	-1.5679570615508478e-5	-2.1703544435844242e-5	-3.005479312549906e-5	-4.16373115415378e-5	-5.770847963737066e-5	-8.001845412973943e-5	-0.00011100533211664491	-0.00015406892572788981	-0.00021395568218667962	-0.00029730130188275965	-0.0004133981024498512	-0.0005752830560249253	-0.0008009601697270387	-0.0011155928954479735	-0.0015544537296535567	-0.002166907974568345	-0.0030220857860176905	-0.004216804042132207	-0.005886549303213476	-0.008220575734032348	-0.011482484342736873	-0.01603804118029665	-0.022392444957192583	-0.031239683644608766	-0.04352681546278042	-0.060535494891151065	-0.0839808822544584	-0.11612213911729624	-0.15986568443636148	-0.2184187136957204	-0.29543942378801114	-0.39468008377322833	-0.519107704380885	-0.6694878727007488	-0.8421099284015502	-1.0258353209715947	-1.199084206879775	-1.3420768687248794	-1.5000116386440256	-1.607175017820703	-1.670376655291927	-1.6954970001707022	-1.696380250748436	-1.696380250748436	-1.696380250748436	-1.696380250748436	-1.696380250748436	-1.696380250748436	-1.696380250748436	-1.6963802507484353	-1.6963802507484353	-1.6963802507484358	-1.6963802507484358	-1.6963802507484358	-1.6963802507484358	-1.696380250748436	-1.696380250748436	-1.696380250748436	-1.696380250748436	-1.696380250748436	-1.696380250748436	-1.696380250748436	-1.696380250748436	-1.696380250748436	-1.696380250748436	-1.696380250748436	-1.696380250748436	-1.696380250748436	-1.696380250748436	-1.696380250748436	-1.696380250748436	-1.6963802507484358	-1.6963802507484353	-1.6963802507484353	-1.6963802507484353	-1.6963802507484353	-1.6963802507484353	-1.6963802507484353	-1.6963802507484358	-1.696380250748436	-1.696380250748436	-1.696380250748436	-1.696380250748436	-1.696380250748436	-1.696380250748436	-1.6963802507484358	-1.6963802507484358	-1.6963802507484358	-1.6963802507484356	-1.6963802507484353	-1.6963802507484351	-1.6963802507484347	-1.696380250748434	-1.6963802507484331	-1.6963802507484318	-1.69638025074843	-1.6963802507484271	-1.696380250748423	-1.696380250748417	-1.6963802507484083	-1.6963802507483958	-1.696380250748379	-1.696380250748356	-1.6963802507483252	-1.6963802507482864	-1.696380250748241	-1.6963802507481949	-1.696380250748165	-1.6963802507481884	-1.6963802507483454	-1.6963802507487924	-1.6963802507498358	-1.6963802507520516	-1.6963802507565133	-1.6963802507651908	-1.696380250781663	-1.6963802508123766	-1.6963802508688604	-1.6963802509716062	-1.6963802511568353	-1.696380251488265	-1.6963802520774756	-1.6963802531190444	-1.6963802549509237	-1.6963802581577874	-1.6963802637472671	-1.6963802734492783	-1.6963802902224312	-1.6963803191072153	-1.6963803686572543	-1.6963804533295237	-1.6963805974572577	-1.6963808418207347	-1.6963812544575738	-1.696381948348573	-1.6963831101799864	-1.6963850468225135	-1.6963882599308517	-1.6963935648089945	-1.6964022783342554	-1.6964165135698208	-1.696439637426117	-1.6964769745594201	-1.6965368782395036	-1.6966323400198176	-1.69678337720578	-1.6970205213956762	-1.6973898304087762	-1.6979599507545027	-1.698831848096428	-1.7001518607002495	-1.7021286516090612	-1.7050543415347983	-1.7093294600165243	-1.7154901873771922	-1.7242344966512966	-1.7364411237127664	-1.7531718407069206	-1.7756436772204491	-1.8051545088947887	-1.8429446236694462	-1.8899812323358214	-1.946665830282299	-2.012488901788474	-2.0856932265122294	-2.163050601562803	-2.239891851285238	-2.3105292869652594	-2.36913936356563	-2.411005509563413	-2.433773968282294	-2.4381503075570565	-2.427462410757999	-2.405959856471073	-2.3766103356663857	-2.3399226154920076	-2.2948279603188433	-2.2404164102560253	-2.176088911594427	-2.101735635411033	-2.0179220671313387	-1.9260521628705611	-1.8284660816800469	-1.7284229206440416	-1.6299222315810458	-1.5373379073135012	-1.4548780246346569	-1.3859420072246817	-1.3325093929593999	-1.294737893585529	-1.2709398596817203	-1.2580192627020794	-1.2522884301578199	-1.2503991119254503	-1.2500218600398312	-1.2499999999999993	-1.2499999999999998	-1.2499999999999998	-1.2500000000000002	-1.2500000000000002	-1.2500000000000002	-1.2500000000000002	-1.2500000000000002	-1.2500000000000002	-1.2500000000000002	-1.2500000000000002	-1.2500000000000002	-1.2500000000000002	-1.2500000000000002	-1.25	-1.25	-1.25
-2.1505245104555232e-10	-2.4946083902344003e-10	-2.89374561932074e-10	-3.3567447173399835e-10	-3.8938235542218926e-10	-4.5168348489894603e-10	-5.239527742122915e-10	-6.07785121829446e-10	-7.050306075115466e-10	-8.178353343097879e-10	-9.48688870843844e-10	-1.1004785754655801e-9	-1.2765526997821876e-9	-1.4807930170977074e-9	-1.7176975319043163e-9	-1.9924747059276173e-9	-2.311150082409601e-9	-2.6806862591744325e-9	-3.1091171252324117e-9	-3.6056972535741846e-9	-4.1810673495346144e-9	-4.8474367047114915e-9	-5.618783713416349e-9	-6.511075679532851e-9	-7.54250937718145e-9	-8.733774122024187e-9	-1.0108339448085848e-8	-1.1692769849920236e-8	-1.3517069422819086e-8	-1.561505959754494e-8	-1.8024793508527057e-8	-2.0789010849814536e-8	-2.39556373624286e-8	-2.75783333672631e-8	-3.1717096020923424e-8	-3.643892024179148e-8	-4.1818523544434016e-8	-4.793914034527088e-8	-5.489339167199274e-8	-6.278423663175059e-8	-7.17260124743458e-8	-8.184557063025364e-8	-9.328351671175101e-8	-1.0619556314053043e-7	-1.2075400380885122e-7	-1.3714932099594735e-7	-1.5559193565039275e-7	-1.7631411311685123e-7	-1.9957203743768822e-7	-2.256480685031048e-7	-2.548531975656733e-7	-2.8752971798541565e-7	-3.240541295398367e-7	-3.6484029623045823e-7	-4.1034287925505885e-7	-4.6106106870532125e-7	-5.175426396058293e-7	-5.803883601455844e-7	-6.502567823808959e-7	-7.278694483219338e-7	-8.140165471672467e-7	-9.095630625329043e-7	-1.0154554518457272e-6	-1.1327289036408097e-6	-1.2625152223260189e-6	-1.4060513940490528e-6	-1.5646888916176211e-6	-1.7399037809628895e-6	-1.933307696370889e-6	-2.146659756590883e-6	-2.3818794988986464e-6	-2.641060913155758e-6	-2.926487662741081e-6	-3.2406495837757635e-6	-3.586260558106895e-6	-3.966277858785415e-6	-4.38392306892395e-6	-4.842704675411785e-6	-5.346442437448275e-6	-5.899293625549143e-6	-6.505781218738458e-6	-7.170824135025128e-6	-7.899769551710418e-6	-8.69842734604467e-6	-9.573106651391646e-6	-1.0530654477140755e-5	-1.1578496279475158e-5	-1.2724678291609678e-5	-1.39779113225521e-5	-1.534761560848653e-5	-1.68439661455139e-5	-1.84779377409579e-5	-2.026134878622133e-5	-2.2206902469937384e-5	-2.4328223807824864e-5	-2.6639890456487656e-5	-2.9157454793179e-5	-3.1897454172888815e-5	-3.4877405608914184e-5	-3.8115780355227936e-5	-4.1631952992317095e-5	-4.54461186298649e-5	-4.957917074192202e-5	-5.4052530952719796e-5	-5.888792081413961e-5	-6.410706429345702e-5	-6.971331918724678e-5	-7.567986810590642e-5	-8.201383043684909e-5	-8.87200096729812e-5	-9.580046361737348e-5	-0.00010325401602592593	-0.00011107572251050472	-0.00011925629053252595	-0.00012778145430038007	-0.00013663130662528537	-0.00014577959128331172	-0.00015519296120341516	-0.0001648302098449368	-0.00017464148541709604	-0.00018456750006575517	-0.00019453874869688814	-0.0002044749865717878	-0.00021428420396075757	-0.000223862693455455	-0.00023309475265738974	-0.00024185246188579722	-0.0002499955968560918	-0.0002573716475511868	-0.00026381593851802825	-0.00026915181385321775	-0.00027319082192240815	-0.00027573281366810934	-0.00027658101326459794	-0.000276578060284771	-0.00027657368416838195	-0.00027656724041336524	-0.0002765578135786648	-0.0002765441100166758	-0.0002765478246184078	-0.0002765531308780195	-0.00027656003808883517	-0.00027656837922068105	-0.0002765777302138627	-0.0002765873309255581	-0.0002765960135067237	-0.00027660214631710994	-0.00027660360441173956	-0.0002765977797227745	-0.0002765816398070056	-0.0002765518268902123	-0.00027650474224237255	-0.00027633207582654633	-0.0002759473165481487	-0.0002752286865027202	-0.000274002309911561	-0.00027202184858701256	-0.00026894053681722566	-0.0002642727859250072	-0.0002573414868814372	-0.00024720579467802636	-0.00023256230367769368	-0.00021161001688387344	-0.00018195865723916969	-0.000140396915033096	-8.262815452236426e-5	-2.9357754395750984e-6	0.0001062482014709368	0.00025489181845623696	0.0004560551057435755	0.0007267547388311262	0.001089032164130778	0.001571255159261219	0.00220972363978727	0.003050584262845395	0.004152079510533814	0.0055871355328843565	0.007446249069146151	0.009840598186072325	0.012905188204816606	0.016801690494603467	0.02172042781704367	0.02788062660444226	0.03553317081587876	0.044964847953951836	0.056490183135964385	0.0704293125112143	0.08708854992729187	0.10675389436323884	0.12965206586365924	0.15591213384099686	0.18553207338540925	0.21834591996709132	0.2540000341710371	0.2919571154043	0.3315443177242058	0.3720117938060832	0.4125241877220151	0.45217896487575654	0.49004009019467837	0.525184442623906	0.5567569569362137	0.5840292461110175	0.6064553120554009	0.623717088518219	0.6357524928151609	0.642759914370527	0.645175688717085	0.6436250205659281	0.638851527496555	0.631635175670899	0.6227116795571593	0.6127072086234667	0.6020996181768681	0.5912113282020143	0.5802306513705247	0.5692506667863484	0.5583108693383149	0.5474289193540296	0.5366172045149757	0.5258874640206536	0.5152507932392052	0.5047176495899464	0.49429785960436334	0.48400062710512526	0.47383454243781875	0.4638075926866709	0.4539271728032615	0.4442000975759187	0.43463261436707706	0.4252304165463364	0.41599865754834686	0.40694196548704464	0.3980644582613191	0.3893697590893953	0.38086101241132264	0.37254090010117424	0.36441165793285696	0.3564750922457912	0.34873259675912305	0.34118516948557054	0.33383342969844976	0.32667763490788226	0.31971769780460446	0.3129532031321879	0.3063834244507966	0.30000734075786606	0.29382365293330426	0.287830799978982	0.28202697502440066	0.2764101410724942	0.2709780464615317	0.26572824002104967	0.2606580859016405	0.25576477806026865	0.2510453543845689	0.2464967104413095	0.2421156128358738	0.23789871217121794	0.23384255559632106	0.22994359893563043	0.22619821839244358	0.22260272182054053	0.21915335955969872	0.2158463348319819	0.2126778136968961	0.2096439345646508	0.2067395577461918	0.20395725749018412	0.20129007655797282	0.19873151656173538	0.19627552604199072	0.19391648664907069	0.19164919787252976	0.18946885953711345	0.18737105437130752	0.18535173081365441	0.18340718526204924	0.18153404478273616	0.17972925011097218	0.17799003899662724	0.1763139280824415	0.1746986923434457	0.17314235051849103	0.17164315264860885	0.17019956804286818	0.16881027430401052	0.16747414560918528	0.16616916661057224	0.1648841473296614	0.16361940633505279	0.16237527677408858	0.16115208532794045	0.1599501341765578	0.15876968549264014	0.15761094732743974	0.1564740619065118	0.1553590952061834	0.15426602733595118	0.15319474339323058	0.15214502445203704	0.15111653850939732	0.15010883093792227	0.14912131439610898	0.1481532577636797	0.1472037738407862	0.14627205091439832	0.14535836187542872	0.14446295567751544	0.1435860551845125	0.14272785659532694	0.14188789420274417	0.1410647538380293	0.14025720833850275	0.1394641954153849	0.13868479911531684	0.13791823506874	0.1371638397104712	0.13642106368542906	0.13568946971587348	0.1349687353035175	0.13425865835920658	0.13355916950998659	0.13287035355961985	0.13219238609197903	0.13152552069221912	0.1308700927258616	0.13022652492473852	0.12959533484641628	0.12897618349408535	0.12835755874452348	0.12772925550438807	0.12708208364272933	0.12640757212425946	0.12569769641521789	0.12494464261921834	0.12414061300028378	0.12327767018227542	0.1223476107102055	0.12134186835705385	0.12025144740303584	0.1190668760266459	0.11777817740854102	0.11637485825694394	0.11484591576646286	0.11317986558592064	0.1113647992746406	0.10938851528983351	0.10723846334178955	0.1049020423771756	0.10236674476750462	0.09962040237536418	0.09665148831460746	0.09344948117091278	0.09000529769178367	0.08631180103759473	0.08236439294247921	0.07816169942948714	0.07370635160675265	0.06900581337874212	0.06407305632483262	0.05892654527129937	0.05358857576140541	0.048081411711398236	0.042424714823040555	0.03643641784588425	0.02975596135232217	0.022073257698455584	0.013120568145270961	0.002390910060294349	-0.8508121477643855	0.3834038252442149	0.3619164420069152	0.332673836409916	0.2931938527218775	0.24112973045460961	0.1739664624866939	0.08950407075761868	-0.013522733363912742	-0.1351405656989746	-0.2736284915223919	-0.4250250687307138	-0.5830496551970161	-0.7394346879362996	-0.884834969303669	-1.010314754423387	-1.1091767041647485	-1.1786296207008413	-1.2206159047607832	-1.241216744614733	-1.2485610888582737	-1.2499999999999991	-1.2499999999999991	-1.2499999999999996	-1.2499999999999996	-1.2499999999999996	-1.25	-1.25	-1.25	-1.25	-1.25
-7.586200703764959e-42	-7.586200714759085e-42	-7.586200743634462e-42	-7.586200801913348e-42	-7.586200907601917e-42	-7.5862010875064e-42	-7.586201380437102e-42	-7.586202316743124e-42	-7.586203981420932e-42	-7.586206828243704e-42	-7.58621156707001e-42	-7.586219333480556e-42	-7.586231983880731e-42	-7.586252610806282e-42	-7.586286451138285e-42	-7.586342489007665e-42	-7.58643626198343e-42	-7.58657614908017e-42	-7.586782086239121e-42	-7.587084712726968e-42	-7.587528641399525e-42	-7.588178668423555e-42	-7.589128554762365e-42	-7.590513047834152e-42	-7.59252362146757e-42	-7.595427599785312e-42	-7.599588329511159e-42	-7.605479908880093e-42	-7.613806933054975e-42	-7.625542445236311e-42	-7.642035846815521e-42	-7.66514759994615e-42	-7.697428909434733e-42	-7.742362435666555e-42	-7.804689434114642e-42	-7.890868418120185e-42	-8.009751737765215e-42	-8.17336576287304e-42	-8.398017517443781e-42	-8.70578359926829e-42	-9.12651690775491e-42	-9.700559978234631e-42	-1.0482410039153332e-41	-1.154564605581575e-41	-1.2989458572988086e-41	-1.4947483358996862e-41	-1.759968583701433e-41	-2.1188338899458258e-41	-2.603949760437212e-41	-3.2591836937154356e-41	-4.1435370241454246e-41	-5.336352335322524e-41	-6.944313134801483e-41	-9.110850640677472e-41	-1.2028784611377156e-40	-1.5957308799739758e-40	-2.124484234240194e-40	-2.835982707765983e-40	-3.793188548730739e-40	-5.080735704568292e-40	-6.812389316787663e-40	-9.141073615078375e-40	-1.2272352999648952e-39	-1.6482555907591844e-39	-2.2143137714573315e-39	-2.97534142965862e-39	-3.9984586500662744e-39	-5.3738912810566133e-39	-7.22292528966429e-39	-9.708599474922726e-39	-1.305007918303104e-38	-1.7541978071218708e-38	-2.35803309261535e-38	-3.169750861865007e-38	-4.2609152674319176e-38	-5.72772669052927e-38	-7.69950283786828e-38	-1.0350079453583445e-37	-1.391313571350576e-37	-1.8702795360772464e-37	-2.5141319746426174e-37	-3.3796334172108803e-37	-4.543086928734903e-37	-6.107062900582671e-37	-8.209441504924291e-37	-1.1035567956633556e-36	-1.4834592132519132e-36	-1.9941432960644918e-36	-2.680630382741538e-36	-3.603440176240474e-36	-4.843925909890343e-36	-6.5114460639692e-36	-8.753004824209898e-36	-1.1766211085331097e-35	-1.5816698317440013e-35	-2.1261540811957156e-35	-2.8580730360347155e-35	-3.8419487873742786e-35	-5.16451394356803e-35	-6.942356995218821e-35	-9.332199304414179e-35	-1.2544709516509273e-34	-1.686307294955433e-34	-2.266795256596782e-34	-3.047104139541314e-34	-4.096016338353231e-34	-5.505989728988098e-34	-7.4013066101130365e-34	-9.949027295745169e-34	-1.337371357600585e-33	-1.7977219409801746e-33	-2.416529264394862e-33	-3.2483331583965554e-33	-4.3664446711985426e-33	-5.8694061769942974e-33	-7.889674523686142e-33	-1.0605292118255822e-32	-1.4255573993388906e-32	-1.9162192556454166e-32	-2.5757517017006093e-32	-3.4622703247444093e-32	-4.653888825675412e-32	-6.255599707080338e-32	-8.408522009108853e-32	-1.1302330229543197e-31	-1.51919585146726e-31	-2.042005039267264e-31	-2.7447129810030433e-31	-3.6892148451190102e-31	-4.958697695613085e-31	-6.664963387764243e-31	-8.958269374309112e-31	-1.2040552907744725e-30	-1.618320150288147e-30	-2.175093203159306e-30	-2.923387751294372e-30	-3.929070161369943e-30	-5.28065293072878e-30	-7.097078294855208e-30	-9.538176020032471e-30	-1.281871368510827e-29	-1.7227272907955685e-29	-2.3151608201812935e-29	-3.111271348616394e-29	-4.181058443369183e-29	-5.618568952557388e-29	-7.550153845019938e-29	-1.0145558347155926e-28	-1.3632816884305698e-28	-1.8318257157440955e-28	-2.4613364409020085e-28	-3.3070856485905482e-28	-4.443312491083581e-28	-5.969727686092991e-28	-8.020246163869927e-28	-1.0774710883756168e-27	-1.4474631278440457e-27	-1.944430953164255e-27	-2.6119196988572137e-27	-3.508395209570913e-27	-4.712351484925033e-27	-6.3291643797434425e-27	-8.500287798260439e-27	-1.1415591881321211e-26	-1.5329915115406076e-26	-2.0585267382897081e-26	-2.7640610176383954e-26	-3.7111795619744416e-26	-4.982512392935462e-26	-6.688915492574459e-26	-8.979098407775741e-26	-1.2052530232443078e-25	-1.6176738214498366e-25	-2.1710491152448285e-25	-2.913486555001317e-25	-3.9094869357466503e-25	-5.245520375080142e-25	-7.037495490715383e-25	-9.440762818213205e-25	-1.2663510416617513e-24	-1.698469937120558e-24	-2.2778074282342184e-24	-3.0544301629212345e-24	-4.09539809120225e-24	-5.4905198169299996e-24	-7.360052686986029e-24	-9.865003142543292e-24	-1.3220903260486893e-23	-1.771623373196185e-23	-2.373705648494735e-23	-3.179994473508681e-23	-4.2595998417378157e-23	-5.704966734054053e-23	-7.639735117515998e-23	-1.0229240871459391e-22	-1.369454275730276e-22	-1.833115646109201e-22	-2.4534071338225317e-22	-3.283115161078589e-22	-4.392772513771843e-22	-5.876609772560153e-22	-7.8604976795893765e-22	-1.0512544826125357e-21	-1.4057236200651392e-21	-1.879429271072269e-21	-2.5123824082821463e-21	-3.3579869858302614e-21	-4.487511847674963e-21	-5.996051971150992e-21	-8.010473673638577e-21	-1.0700002137001248e-20	-1.429032728629921e-20	-1.9082393360173296e-20	-2.547742181646007e-20	-3.4010227457771646e-20	-4.539356469410155e-20	-6.057713857358104e-20	-8.082610457155638e-20	-1.0782545539079533e-19	-1.4381877446247238e-19	-1.9179258430957556e-19	-2.5572114175449635e-19	-3.408913014885165e-19	-4.543334019524353e-19	-6.053926738373953e-19	-8.064668382368947e-19	-1.073922098523618e-18	-1.4294388659918946e-18	-1.9017046691265782e-18	-2.5286853990284496e-18	-3.3606685017686964e-18	-4.464353252327649e-18	-5.928368487804707e-18	-7.870738613666304e-18	-1.0449010440913658e-17	-1.3874015335821393e-17	-1.842859919155447e-17	-2.4493142857397075e-17	-3.2580366074527234e-17	-4.338282358950567e-17	-5.783775558989371e-17	-7.721566792453662e-17	-1.0324135835950057e-16	-1.3825930130947117e-16	-1.8545966533785192e-16	-2.491871849734035e-16	-3.3536321138588805e-16	-4.520622975748571e-16	-6.102996945934936e-16	-8.251066448509927e-16	-1.1169977135597256e-15	-1.5139721087809465e-15	-2.0542417362896544e-15	-2.7899474161926776e-15	-3.792217456516228e-15	-5.158047841633779e-15	-7.019651583400076e-15	-9.557150775219562e-15	-1.3015795781884252e-14	-1.772928334944717e-14	-2.415128084258172e-14	-3.289800859459446e-14	-4.480649964478416e-14	-6.101894164806618e-14	-8.308506845756652e-14	-1.1311059084467693e-13	-1.5395380139700257e-13	-2.094935944993226e-13	-2.8499116210309694e-13	-3.875793481645415e-13	-5.269237220910261e-13	-7.16115386849069e-13	-9.728759592887753e-13	-1.3211829426710862e-12	-1.7934608145374607e-12	-2.433532891767137e-12	-3.300595578077854e-12	-4.4745655755957226e-12	-6.063269496688996e-12	-8.212103932814232e-12	-1.1117005522028052e-11	-1.504185224110284e-11	-2.0341791942365265e-11	-2.749449229804627e-11	-3.7141967660371685e-11	-5.0146515344398865e-11	-6.766545551030769e-11	-9.125090538018051e-11	-1.2298284843373038e-10	-1.656464376156643e-10	-2.2296800017147135e-10	-2.9992885387978004e-10	-4.0318214228251677e-10	-5.416058938384614e-10	-7.27035981159898e-10	-9.752363434273396e-10	-1.3071816933246729e-9	-1.7507511873121644e-9	-2.342961768263839e-9	-3.132909103247e-9	-4.185634798194024e-9	-5.5872041288226985e-9	-7.451363001367869e-9	-9.92825144119304e-9	-1.3215790127773464e-8	-1.75745345168094e-8	-2.3347018088645733e-8	-3.098289485443538e-8	-4.107155700674627e-8	-5.438436562242767e-8	-7.192921393972232e-8	-9.50208721821768e-8	-1.253714742010565e-7	-1.6520663996915884e-7	-2.1741413224814248e-7	-2.857336768952734e-7	-3.7499869952834363e-7	-4.914433212265866e-7	-6.430910965506511e-7	-8.402457610690149e-7	-1.0961087826085295e-6	-1.4275538848000752e-6	-1.8560950372210792e-6	-2.409091780693093e-6	-3.1212442596498564e-6	-4.036440016611961e-6	-5.21002546955261e-6	-6.71158697287768e-6	-8.62833928691009e-6	-1.1069232839332718e-5	-1.4169904857244326e-5	-1.809861253481737e-5	-2.3063297811475475e-5	-2.9319941586502922e-5	-3.718236827269282e-5	-4.703365679250724e-5	-5.9339297851733284e-5	-7.466220481812002e-5	-9.367963041017203e-5	-0.00011720195508997876	-0.0001461931837956725	-0.00018179279904713674	-0.00022533834715558705	-0.0002783877463003155	-0.000342740498468578	-0.00042047357129878035	-0.0005139451030828968	-0.0006258090700704524	-0.0007590133036999247	-0.0009167813816655234	-0.001102568750625977	-0.0013199795552111036	-0.0015731682767732259	-0.0018676123770352212	-0.0022097617176801824	-0.002607361276502903	-0.0030699257178235856	-0.00360944714901378	-0.004241471004385641	-0.0049867753228573395	-0.005872212901411471	-0.0069350605880476816	-0.008229443692413902	-0.00983717527218055	-0.011886360413999751	-0.0145972291645955	-0.018389825546866308	-0.023712445244451937	-0.031064275979843348	-0.041082851654864916	-0.05455876053741458	-0.07244332711292809	-0.09584341051205218	-0.12599449057542572	-0.16420198351021717	-0.21174079201905585	-0.26970538872636657	-0.33880866162266815	-0.41913864781780646	-0.5098987982715366	-0.6091785838629632	-0.7138231032634672	-0.8194850154245419	-0.9209374535371406	-1.0126877751114223	-1.0898502625742204	-1.1491146013146898	-1.1895130247293937	-1.2126124049774925	-1.2218179971781575	-1.2207346464745763	-1.2109562472352382	-1.190135667282637	-1.1516364194192605	-1.0869857494578559	-0.9906552707672442	-0.8643919857689617	-0.7183813118278187	-0.5679747566587259	-0.42815918128501185	-0.30917014750255956
7.586200703764959e-42	7.586200714759085e-42	7.586200743634462e-42	7.586200801913348e-42	7.586200907601917e-42	7.5862010875064e-42	7.586201380437102e-42	7.586202316743124e-42	7.586203981420932e-42	7.586206828243704e-42	7.58621156707001e-42	7.586219333480556e-42	7.586231983880731e-42	7.586252610806282e-42	7.586286451138285e-42	7.586342489007665e-42	7.58643626198343e-42	7.58657614908017e-42	7.586782086239121e-42	7.587084712726968e-42	7.587528641399525e-42	7.588178668423555e-42	7.589128554762365e-42	7.590513047834152e-42	7.59252362146757e-42	7.595427599785312e-42	7.599588329511159e-42	7.605479908880093e-42	7.613806933054975e-42	7.625542445236311e-42	7.642035846815521e-42	7.66514759994615e-42	7.697428909434733e-42	7.742362435666555e-42	7.804689434114642e-42	7.890868418120185e-42	8.009751737765215e-42	8.17336576287304e-42	8.398017517443781e-42	8.70578359926829e-42	9.12651690775491e-42	9.700559978234631e-42	1.0482410039153332e-41	1.154564605581575e-41	1.2989458572988086e-41	1.4947483358996862e-41	1.759968583701433e-41	2.1188338899458258e-41	2.603949760437212e-41	3.2591836937154356e-41	4.1435370241454246e-41	5.336352335322524e-41	6.944313134801483e-41	9.110850640677472e-41	1.2028784611377156e-40	1.5957308799739758e-40	2.124484234240194e-40	2.835982707765983e-40	3.793188548730739e-40	5.080735704568292e-40	6.812389316787663e-40	9.141073615078375e-40	1.2272352999648952e-39	1.6482555907591844e-39	2.2143137714573315e-39	2.97534142965862e-39	3.9984586500662744e-39	5.3738912810566133e-39	7.22292528966429e-39	9.708599474922726e-39	1.305007918303104e-38	1.7541978071218708e-38	2.35803309261535e-38	3.169750861865007e-38	4.2609152674319176e-38	5.72772669052927e-38	7.69950283786828e-38	1.0350079453583445e-37	1.391313571350576e-37	1.8702795360772464e-37	2.5141319746426174e-37	3.3796334172108803e-37	4.543086928734903e-37	6.107062900582671e-37	8.209441504924291e-37	1.1035567956633556e-36	1.4834592132519132e-36	1.9941432960644918e-36	2.680630382741538e-36	3.603440176240474e-36	4.843925909890343e-36	6.5114460639692e-36	8.753004824209898e-36	1.1766211085331097e-35	1.5816698317440013e-35	2.1261540811957156e-35	2.8580730360347155e-35	3.8419487873742786e-35	5.16451394356803e-35	6.942356995218821e-35	9.332199304414179e-35	1.2544709516509273e-34	1.686307294955433e-34	2.266795256596782e-34	3.047104139541314e-34	4.096016338353231e-34	5.505989728988098e-34	7.4013066101130365e-34	9.949027295745169e-34	1.337371357600585e-33	1.7977219409801746e-33	2.416529264394862e-33	3.2483331583965554e-33	4.3664446711985426e-33	5.8694061769942974e-33	7.889674523686142e-33	1.0605292118255822e-32	1.4255573993388906e-32	1.9162192556454166e-32	2.5757517017006093e-32	3.4622703247444093e-32	4.653888825675412e-32	6.255599707080338e-32	8.408522009108853e-32	1.1302330229543197e-31	1.51919585146726e-31	2.042005039267264e-31	2.7447129810030433e-31	3.6892148451190102e-31	4.958697695613085e-31	6.664963387764243e-31	8.958269374309112e-31	1.2040552907744725e-30	1.618320150288147e-30	2.175093203159306e-30	2.923387751294372e-30	3.929070161369943e-30	5.28065293072878e-30	7.097078294855208e-30	9.538176020032471e-30	1.281871368510827e-29	1.7227272907955685e-29	2.3151608201812935e-29	3.111271348616394e-29	4.181058443369183e-29	5.618568952557388e-29	7.550153845019938e-29	1.0145558347155926e-28	1.3632816884305698e-28	1.8318257157440955e-28	2.4613364409020085e-28	3.3070856485905482e-28	4.443312491083581e-28	5.969727686092991e-28	8.020246163869927e-28	1.0774710883756168e-27	1.4474631278440457e-27	1.944430953164255e-27	2.6119196988572137e-27	3.508395209570913e-27	4.712351484925033e-27	6.3291643797434425e-27	8.500287798260439e-27	1.1415591881321211e-26	1.5329915115406076e-26	2.0585267382897081e-26	2.7640610176383954e-26	3.7111795619744416e-26	4.982512392935462e-26	6.688915492574459e-26	8.979098407775741e-26	1.2052530232443078e-25	1.6176738214498366e-25	2.1710491152448285e-25	2.913486555001317e-25	3.9094869357466503e-25	5.245520375080142e-25	7.037495490715383e-25	9.440762818213205e-25	1.2663510416617513e-24	1.698469937120558e-24	2.2778074282342184e-24	3.0544301629212345e-24	4.09539809120225e-24	5.4905198169299996e-24	7.360052686986029e-24	9.865003142543292e-24	1.3220903260486893e-23	1.771623373196185e-23	2.373705648494735e-23	3.179994473508681e-23	4.2595998417378157e-23	5.704966734054053e-23	7.639735117515998e-23	1.0229240871459391e-22	1.369454275730276e-22	1.833115646109201e-22	2.4534071338225317e-22	3.283115161078589e-22	4.392772513771843e-22	5.876609772560153e-22	7.8604976795893765e-22	1.0512544826125357e-21	1.4057236200651392e-21	1.879429271072269e-21	2.5123824082821463e-21	3.3579869858302614e-21	4.487511847674963e-21	5.996051971150992e-21	8.010473673638577e-21	1.0700002137001248e-20	1.429032728629921e-20	1.9082393360173296e-20	2.547742181646007e-20	3.4010227457771646e-20	4.539356469410155e-20	6.057713857358104e-20	8.082610457155638e-20	1.0782545539079533e-19	1.4381877446247238e-19	1.9179258430957556e-19	2.5572114175449635e-19	3.408913014885165e-19	4.543334019524353e-19	6.053926738373953e-19	8.064668382368947e-19	1.073922098523618e-18	1.4294388659918946e-18	1.9017046691265782e-18	2.5286853990284496e-18	3.3606685017686964e-18	4.464353252327649e-18	5.928368487804707e-18	7.870738613666304e-18	1.0449010440913658e-17	1.3874015335821393e-17	1.842859919155447e-17	2.4493142857397075e-17	3.2580366074527234e-17	4.338282358950567e-17	5.783775558989371e-17	7.721566792453662e-17	1.0324135835950057e-16	1.3825930130947117e-16	1.8545966533785192e-16	2.491871849734035e-16	3.3536321138588805e-16	4.520622975748571e-16	6.102996945934936e-16	8.251066448509927e-16	1.1169977135597256e-15	1.5139721087809465e-15	2.0542417362896544e-15	2.7899474161926776e-15	3.792217456516228e-15	5.158047841633779e-15	7.019651583400076e-15	9.557150775219562e-15	1.3015795781884252e-14	1.772928334944717e-14	2.415128084258172e-14	3.289800859459446e-14	4.480649964478416e-14	6.101894164806618e-14	8.308506845756652e-14	1.1311059084467693e-13	1.5395380139700257e-13	2.094935944993226e-13	2.8499116210309694e-13	3.875793481645415e-13	5.269237220910261e-13	7.16115386849069e-13	9.728759592887753e-13	1.3211829426710862e-12	1.7934608145374607e-12	2.433532891767137e-12	3.300595578077854e-12	4.4745655755957226e-12	6.063269496688996e-12	8.212103932814232e-12	1.1117005522028052e-11	1.504185224110284e-11	2.0341791942365265e-11	2.749449229804627e-11	3.7141967660371685e-11	5.0146515344398865e-11	6.766545551030769e-11	9.125090538018051e-11	1.2298284843373038e-10	1.656464376156643e-10	2.2296800017147135e-10	2.9992885387978004e-10	4.0318214228251677e-10	5.416058938384614e-10	7.27035981159898e-10	9.752363434273396e-10	1.3071816933246729e-9	1.7507511873121644e-9	2.342961768263839e-9	3.132909103247e-9	4.185634798194024e-9	5.5872041288226985e-9	7.451363001367869e-9	9.92825144119304e-9	1.3215790127773464e-8	1.75745345168094e-8	2.3347018088645733e-8	3.098289485443538e-8	4.107155700674627e-8	5.438436562242767e-8	7.192921393972232e-8	9.50208721821768e-8	1.253714742010565e-7	1.6520663996915884e-7	2.1741413224814248e-7	2.857336768952734e-7	3.7499869952834363e-7	4.914433212265866e-7	6.430910965506511e-7	8.402457610690149e-7	1.0961087826085295e-6	1.4275538848000752e-6	1.8560950372210792e-6	2.409091780693093e-6	3.1212442596498564e-6	4.036440016611961e-6	5.21002546955261e-6	6.71158697287768e-6	8.62833928691009e-6	1.1069232839332718e-5	1.4169904857244326e-5	1.809861253481737e-5	2.3063297811475475e-5	2.9319941586502922e-5	3.718236827269282e-5	4.703365679250724e-5	5.9339297851733284e-5	7.466220481812002e-5	9.367963041017203e-5	0.00011720195508997876	0.0001461931837956725	0.00018179279904713674	0.00022533834715558705	0.0002783877463003155	0.000342740498468578	0.00042047357129878035	0.0005139451030828968	0.0006258090700704524	0.0007590133036999247	0.0009167813816655234	0.001102568750625977	0.0013199795552111036	0.0015731682767732259	0.0018676123770352212	0.0022097617176801824	0.002607361276502903	0.0030699257178235856	0.00360944714901378	0.004241471004385641	0.0049867753228573395	0.005872212901411471	0.0069350605880476816	0.008229443692413902	0.00983717527218055	0.011886360413999751	0.0145972291645955	0.018389825546866308	0.023712445244451937	0.031064275979843348	0.041082851654864916	0.05455876053741458	0.07244332711292809	0.09584341051205218	0.12599449057542572	0.16420198351021717	0.21174079201905585	0.26970538872636657	0.33880866162266815	0.41913864781780646	0.5098987982715366	0.6091785838629632	0.7138231032634672	0.8194850154245419	0.9209374535371406	1.0126877751114223	1.0898502625742204	1.1491146013146898	1.1895130247293937	1.2126124049774925	1.2218179971781575	1.2207346464745763	1.2109562472352382	1.190135667282637	1.1516364194192605	1.0869857494578559	0.9906552707672442	0.8643919857689617	0.7183813118278187	0.5679747566587259	0.42815918128501185	0.30917014750255956
0.0	0.0	0.0	0.0	0.0	0.0	0.0	0.0	0.0	0.0	0.0	0.0	0.0	0.0	0.0	0.0	0.0	0.0	0.0	0.0	0.0	0.0	0.0	0.0	0.0	0.0	0.0	0.0	0.0	0.0	0.0	0.0	0.0	0.0	0.0	0.0	0.0	0.0	0.0	0.0	0.0	0.0	0.0	0.0	0.0	0.0	0.0	0.0	0.0	0.0	0.0	0.0	0.0	0.0	0.0	0.0	0.0	0.0	0.0	0.0	0.0	0.0	0.0	0.0	0.0	0.0	0.0	0.0	0.0	0.0	0.0	0.0	0.0	0.0	0.0	0.0	0.0	0.0	0.0	0.0	0.0	0.0	0.0	0.0	0.0	0.0	0.0	0.0	0.0	0.0	0.0	0.0	0.0	0.0	0.0	0.0	0.0	0.0	0.0	0.0	0.0	0.0	0.0	0.0	0.0	0.0	0.0	0.0	0.0	0.0	0.0	0.0	0.0	0.0	0.0	0.0	0.0	0.0	0.0	0.0	0.0	0.0	0.0	0.0	0.0	0.0	0.0	0.0	0.0	0.0	0.0	0.0	0.0	0.0	0.0	0.0	0.0	0.0	0.0	0.0	0.0	0.0	0.0	0.0	0.0	0.0	0.0	0.0	0.0	0.0	0.0	0.0	0.0	0.0	0.0	0.0	0.0	0.0	0.0	0.0	0.0	0.0	0.0	0.0	0.0	0.0	0.0	0.0	0.0	0.0	0.0	0.0	0.0	0.0	0.0	0.0	0.0	0.0	0.0	0.0	0.0	0.0	0.0	0.0	0.0	0.0	0.0	0.0	0.0	0.0	0.0	0.0	0.0	0.0	0.0	0.0	0.0	0.0	0.0	0.0	0.0	0.0	0.0	0.0	0.0	0.0	0.0	0.0	0.0	0.0	0.0	0.0	0.0	0.0	0.0	0.0	0.0	0.0	0.0	0.0	0.0	0.0	0.0	0.0	0.0	0.0	0.0	0.0	0.0	0.0	0.0	0.0	0.0	0.0	0.0	0.0	0.0	0.0	0.0	0.0	0.0	0.0	0.0	0.0	0.0	0.0	0.0	0.0	0.0	0.0	0.0	0.0	0.0	0.0	0.0	0.0	0.0	0.0	0.0	0.0	0.0	0.0	0.0	0.0	0.0	0.0	0.0	0.0	0.0	0.0	0.0	0.0	0.0	0.0	0.0	0.0	0.0	0.0	0.0	0.0	0.0	0.0	0.0	0.0	0.0	0.0	0.0	0.0	0.0	0.0	0.0	0.0	0.0	0.0	0.0	0.0	0.0	0.0	0.0	0.0	0.0	0.0	0.0	0.0	0.0	0.0	0.0	0.0	0.0	0.0	0.0	0.0	0.0	0.0	0.0	0.0	0.0	0.0	0.0	0.0	0.0	0.0	0.0	0.0	0.0	0.0	0.0	0.0	0.0	0.0	0.0	0.0	0.0	0.0	0.0	0.0	0.0	0.0	0.0	0.0	0.0	0.0	0.0	0.0	0.0	0.0	0.0	0.0	0.0	0.0	0.0	0.0	0.0	0.0	0.0	0.0	0.0	0.0	0.0	0.0	0.0	0.0	0.0	0.0	0.0	0.0	0.0	0.0	0.0	0.0	0.0	0.0	0.0	0.0	0.0	0.0	0.0	0.0	0.0	0.0	0.0	0.0	0.0	0.0	0.0	0.0	0.0	0.0	0.0	0.0	0.0	0.0	0.0	0.0	0.0	0.0	0.0	0.0	0.0	0.0	0.0
0.0	0.0	0.0	0.0	0.0	0.0	0.0	0.0	0.0	0.0	0.0	0.0	0.0	0.0	0.0	0.0	0.0	0.0	0.0	0.0	0.0	0.0	0.0	0.0	0.0	0.0	0.0	0.0	0.0	0.0	0.0	0.0	0.0	0.0	0.0	0.0	0.0	0.0	0.0	0.0	0.0	0.0	0.0	0.0	0.0	0.0	0.0	0.0	0.0	0.0	0.0	0.0	0.0	0.0	0.0	0.0	0.0	0.0	0.0	0.0	0.0	0.0	0.0	0.0	0.0	0.0	0.0	0.0	0.0	0.0	0.0	0.0	0.0	0.0	0.0	0.0	0.0	0.0	0.0	0.0	0.0	0.0	0.0	0.0	0.0	0.0	0.0	0.0	0.0	0.0	0.0	0.0	0.0	0.0	0.0	0.0	0.0	0.0	0.0	0.0	0.0	0.0	0.0	0.0	0.0	0.0	0.0	0.0	0.0	0.0	0.0	0.0	0.0	0.0	0.0	0.0	0.0	0.0	0.0	0.0	0.0	0.0	0.0	0.0	0.0	0.0	0.0	0.0	0.0	0.0	0.0	0.0	0.0	0.0	0.0	0.0	0.0	0.0	0.0	0.0	0.0	0.0	0.0	0.0	0.0	0.0	0.0	0.0	0.0	0.0	0.0	0.0	0.0	0.0	0.0	0.0	0.0	0.0	0.0	0.0	0.0	0.0	0.0	0.0	0.0	0.0	0.0	0.0	0.0	0.0	0.0	0.0	0.0	0.0	0.0	0.0	0.0	0.0	0.0	0.0	0.0	0.0	0.0	0.0	0.0	0.0	0.0	0.0	0.0	0.0	0.0	0.0	0.0	0.0	0.0	0.0	0.0	0.0	0.0	0.0	0.0	0.0	0.0	0.0	0.0	0.0	0.0	0.0	0.0	0.0	0.0	0.0	0.0	0.0	0.0	0.0	0.0	0.0	0.0	0.0	0.0	0.0	0.0	0.0	0.0	0.0	0.0	0.0	0.0	0.0	0.0	0.0	0.0	0.0	0.0	0.0	0.0	0.0	0.0	0.0	0.0	0.0	0.0	0.0	0.0	0.0	0.0	0.0	0.0	0.0	0.0	0.0	0.0	0.0	0.0	0.0	0.0	0.0	0.0	0.0	0.0	0.0	0.0	0.0	0.0	0.0	0.0	0.0	0.0	0.0	0.0	0.0	0.0	0.0	0.0	0.0	0.0	0.0	0.0	0.0	0.0	0.0	0.0	0.0	0.0	0.0	0.0	0.0	0.0	0.0	0.0	0.0	0.0	0.0	0.0	0.0	0.0	0.0	0.0	0.0	0.0	0.0	0.0	0.0	0.0	0.0	0.0	0.0	0.0	0.0	0.0	0.0	0.0	0.0	0.0	0.0	0.0	0.0	0.0	0.0	0.0	0.0	0.0	0.0	0.0	0.0	0.0	0.0	0.0	0.0	0.0	0.0	0.0	0.0	0.0	0.0	0.0	0.0	0.0	0.0	0.0	0.0	0.0	0.0	0.0	0.0	0.0	0.0	0.0	0.0	0.0	0.0	0.0	0.0	0.0	0.0	0.0	0.0	0.0	0.0	0.0	0.0	0.0	0.0	0.0	0.0	0.0	0.0	0.0	0.0	0.0	0.0	0.0	0.0	0.0	0.0	0.0	0.0	0.0	0.0	0.0	0.0	0.0	0.0	0.0	0.0	0.0	0.0	0.0	0.0	0.0	0.0	0.0	0.0	0.0	0.0	0.0	0.0	0.0	0.0	0.0
0.0	0.0	0.0	0.0	0.0	0.0	0.0	0.0	0.0	0.0	0.0	0.0	0.0	0.0	0.0	0.0	0.0	0.0	0.0	0.0	0.0	0.0	0.0	0.0	0.0	0.0	0.0	0.0	0.0	0.0	0.0	0.0	0.0	0.0	0.0	0.0	0.0	0.0	0.0	0.0	0.0	0.0	0.0	0.0	0.0	0.0	0.0	0.0	0.0	0.0	0.0	0.0	0.0	0.0	0.0	0.0	0.0	0.0	0.0	0.0	0.0	0.0	0.0	0.0	0.0	0.0	0.0	0.0	0.0	0.0	0.0	0.0	0.0	0.0	0.0	0.0	0.0	0.0	0.0	0.0	0.0	0.0	0.0	0.0	0.0	0.0	0.0	0.0	0.0	0.0	0.0	0.0	0.0	0.0	0.0	0.0	0.0	0.0	0.0	0.0	0.0	0.0	0.0	0.0	0.0	0.0	0.0	0.0	0.0	0.0	0.0	0.0	0.0	0.0	0.0	0.0	0.0	0.0	0.0	0.0	0.0	0.0	0.0	0.0	0.0	0.0	0.0	0.0	0.0	0.0	0.0	0.0	0.0	0.0	0.0	0.0	0.0	0.0	0.0	0.0	0.0	0.0	0.0	0.0	0.0	0.0	0.0	0.0	0.0	0.0	0.0	0.0	0.0	0.0	0.0	0.0	0.0	0.0	0.0	0.0	0.0	0.0	0.0	0.0	0.0	0.0	0.0	0.0	0.0	0.0	0.0	0.0	0.0	0.0	0.0	0.0	0.0	0.0	0.0	0.0	0.0	0.0	0.0	0.0	0.0	0.0	0.0	0.0	0.0	0.0	0.0	0.0	0.0	0.0	0.0	0.0	0.0	0.0	0.0	0.0	0.0	0.0	0.0	0.0	0.0	0.0	0.0	0.0	0.0	0.0	0.0	0.0	0.0	0.0	0.0	0.0	0.0	0.0	0.0	0.0	0.0	0.0	0.0	0.0	0.0	0.0	0.0	0.0	0.0	0.0	0.0	0.0	0.0	0.0	0.0	0.0	0.0	0.0	0.0	0.0	0.0	0.0	0.0	0.0	0.0	0.0	0.0	0.0	0.0	0.0	0.0	0.0	0.0	0.0	0.0	0.0	0.0	0.0	0.0	0.0	0.0	0.0	0.0	0.0	0.0	0.0	0.0	0.0	0.0	0.0	0.0	0.0	0.0	0.0	0.0	0.0	0.0	0.0	0.0	0.0	0.0	0.0	0.0	0.0	0.0	0.0	0.0	0.0	0.0	0.0	0.0	0.0	0.0	0.0	0.0	0.0	0.0	0.0	0.0	0.0	0.0	0.0	0.0	0.0	0.0	0.0	0.0	0.0	0.0	0.0	0.0	0.0	0.0	0.0	0.0	0.0	0.0	0.0	0.0	0.0	0.0	0.0	0.0	0.0	0.0	0.0	0.0	0.0	0.0	0.0	0.0	0.0	0.0	0.0	0.0	0.0	0.0	0.0	0.0	0.0	0.0	0.0	0.0	0.0	0.0	0.0	0.0	0.0	0.0	0.0	0.0	0.0	0.0	0.0	0.0	0.0	0.0	0.0	0.0	0.0	0.0	0.0	0.0	0.0	0.0	0.0	0.0	0.0	0.0	0.0	0.0	0.0	0.0	0.0	0.0	0.0	0.0	0.0	0.0	0.0	0.0	0.0	0.0	0.0	0.0	0.0	0.0	0.0	0.0	0.0	0.0	0.0	0.0	0.0	0.0	0.0	0.0	0.0	0.0	0.0	0.0
